player_id,full_name,gender,games,value_mean,value_sd,w_mixed,w_mens,w_womens
1e538b1f-66e9-4166-ac60-3aef311ee0b5,Jada Bui,F,57,2.207,0.809,0.031,nan,-0.017
87d60b6f-6f2e-4610-ab89-487e8acc097e,Mya Bui,F,123,1.91,0.54,0.004,nan,0.0
525bfe63-4047-4100-9289-b4af47a25f98,Alia Brown,F,14,-0.245,1.289,-0.007,nan,0.006
55b78314-2f02-4a0c-83c2-b7cbfd8b4329,Madalina Grigoriu,F,18,0.802,1.234,-0.012,nan,0.023
72781a5b-7e26-47ae-a581-625e4fa96099,Hudson De Risi,M,18,-2.745,1.241,-0.002,-0.018,nan
c2c74ae6-6b11-4a40-80e6-b7b924d2d83f,Matthew Finnerty,M,65,0.658,0.776,0.011,-0.015,nan
aa45af3b-41b0-4e03-9a17-4ca16a108df3,Vincent Rettke,M,60,-0.757,0.772,0.022,-0.018,nan
c971bb40-090b-4e47-be58-905495e38401,Miles Hoover,M,158,2.166,0.528,0.032,-0.028,nan
1d36eae4-41f1-4739-b9d2-0783fd371112,Samantha Buyckx,F,53,2.978,0.784,0.004,nan,0.013
f2a996de-50a0-4d1d-b16f-f6450daa4a1e,Kelsey Laurente,F,44,1.688,0.998,-0.006,nan,0.022
2398b148-15c1-4a56-8c02-0d62ed504f03,Arianna Raga,F,12,-1.625,1.334,0.012,nan,-0.023
d840aa40-c197-45ce-8bf3-a0751268bd0b,Ali Quintero,F,5,-0.814,1.701,-0.001,nan,0.001
e96d9339-cfb6-473d-bcb3-23f2887a3e0f,John Lucian Goins,M,90,2.969,0.583,-0.017,0.019,nan
9c622e48-bbb8-4488-833f-83fb851efa5a,Michael Leonard,M,10,-1.11,1.462,-0.003,0.002,nan
8b7405b5-f3bc-4e32-bfbc-cc2e14f7454c,Jose Martinez,M,51,1.891,0.833,0.023,-0.013,nan
3d9c8684-953f-4008-b355-b6104ee56a5b,Connor Mogle,M,164,3.232,0.525,0.014,-0.0,nan
af94be9e-b2f9-413a-aa9c-450cf6021c10,Michael Vallejo,M,35,-0.12,1.067,-0.002,0.009,nan
0d659a6e-9386-45c5-a3c0-8f8ce4efaa14,Poongi Hong,M,24,-1.354,1.151,-0.01,0.004,nan
3a48d245-8dea-460b-9eba-0b4fe7abc1dc,Amir Evgamukov,M,16,2.487,1.258,nan,0.016,nan
2a0171dc-c866-4170-9021-78d3c53c7318,Andrew Loftin,M,25,-0.698,1.136,-0.004,0.001,nan
7464628e-931a-44c9-b0df-749a7cb32eaa,Adam Harvey,M,145,1.731,0.534,-0.022,0.029,nan
3d67b6d0-063e-466c-a475-7679d0764354,Austin Bricker,M,113,1.944,0.552,0.014,-0.008,nan
c3b08889-9218-45d7-a712-72d78dd9a0bb,Tanner Tomassi,M,17,2.364,1.437,0.011,0.004,nan
24fead20-0b0e-409e-bd9e-dc69fa0a8162,Mark Dancuart,M,18,2.365,1.409,0.007,0.009,nan
4aac5b4b-3afd-48db-a11a-d4f48bd685bb,Robby Greenlaw,M,3,-0.919,1.934,nan,-0.004,nan
c4bf85e4-2024-4991-9298-3600b25dde91,Thiago Braga,M,3,-0.798,1.881,nan,-0.007,nan
d8d51930-abf9-468b-9e43-55a9c0728d58,Anouar Braham,M,173,2.289,0.473,0.0,0.006,nan
2aa8ced3-d599-4c83-86dd-ecc80196833b,Luca Mack,M,56,3.292,0.816,-0.01,0.029,nan
306da673-de7e-44f5-bc16-0738b44bd089,Christopher Crouch,M,170,2.226,0.487,0.017,-0.006,nan
53008558-000d-4162-8a34-9348d3f5322a,Jhonnatan Medina Alvarez,M,23,0.873,1.023,0.012,-0.005,nan
cfd359f6-5e22-4d9e-b02f-171fbb8f3759,Connor Duvally,M,16,2.644,1.525,nan,0.011,nan
02a3c8ae-fb47-4b82-8001-b33d9446a90e,Robert Laidlaw,M,6,0.775,1.771,nan,0.009,nan
9149113f-4ec3-4a41-924b-4c42d33754a5,William Sobek,M,14,2.077,1.317,-0.009,0.014,nan
43df1205-e834-4427-9f1a-4e173bf93296,Grayson Goldin,M,22,1.407,1.058,-0.018,0.024,nan
56f0b269-240a-42cb-b404-0b0bf747ad98,Dylan Lewis,M,24,1.642,1.101,0.015,-0.001,nan
47c3107f-c90a-473a-b1a8-900fcf13e984,MJ Greiner,M,7,-1.416,1.612,nan,-0.012,nan
53cffd68-8c08-4ad7-88fd-a72ee20d716e,Marisa Ruiz,F,51,3.435,0.934,-0.002,nan,0.017
404094a4-c65d-4e15-8023-f025ac226e30,Riley Bohnert,F,11,1.533,1.428,0.01,nan,-0.002
0d14405e-2e45-4dcb-8fb7-73558c261b4f,Seone Mendez,F,7,2.032,1.63,0.012,nan,-0.002
c9f03b76-b64d-4176-b338-a6b3a180a23c,Jessica Warren,F,7,1.61,1.592,0.011,nan,0.004
cecffdc0-29ee-46c0-9832-2dbe04700307,Nejc Sitar,M,36,2.311,1.082,-0.004,0.013,nan
79ee2d66-5ba3-47cc-bc43-f489a09d2d5a,George Rangelov,M,96,0.927,0.694,0.035,-0.035,nan
c7579768-3bba-418b-90ca-4f0e09e701d1,Joe Wiencek,M,4,-0.54,1.715,-0.006,0.001,nan
0f8632ee-7263-4a59-b486-a273333519d6,Logan Rowe,M,2,-0.443,1.917,nan,-0.003,nan
e2466ee7-aaa4-4c6a-a288-63e717054640,Bret Berryman,M,77,1.186,0.73,-0.009,0.012,nan
e18b2cb6-ae9b-4175-8947-697eabf80061,Mark Growcott,M,27,1.212,1.124,-0.009,0.018,nan
26bd8869-21d6-4c7e-9edc-0bd16aebf18a,Evan Pratt,M,10,0.313,1.489,0.002,-0.007,nan
14f68da3-a855-4656-a618-81b5d8ff6bec,Jarryd Woog,M,24,-0.463,1.162,-0.005,-0.004,nan
d1467954-5b55-4724-9cd5-4d8dd54f2fc0,Jake Benjamin,M,12,-0.978,1.493,-0.021,0.016,nan
ab4e123b-f089-497a-ac5d-5b5065a1fcf9,Michael Coleman,M,4,-0.888,1.747,nan,-0.006,nan
8a614993-d082-4ab8-af12-348c954ff276,Emanuel Dickson,M,22,0.236,1.304,0.005,0.001,nan
03ee9ee1-7ce1-4704-9a48-a504790e91b0,Justin Graham,M,9,-0.138,1.619,nan,-0.006,nan
24415389-0764-4512-a3e8-ddee23d96417,Evan Zoeteman,M,17,0.138,1.317,-0.005,-0.001,nan
8aac4bf9-2442-48f4-83c1-589b0a00b071,Mulima Mulenga,M,9,-1.517,1.49,-0.005,-0.003,nan
7fe81996-b961-4578-95a6-d97c55768e96,Tendai Tapfuma,M,3,-1.778,1.94,nan,-0.006,nan
0c5b84bb-4c04-4906-86bc-deb533ff4eec,Zane Ford,M,62,0.433,0.764,0.026,-0.03,nan
05bf7513-7f0a-4f6b-bc11-5d4b14314d91,Tom Protzek,M,109,2.42,0.566,0.023,-0.01,nan
e9849183-4693-4340-abf5-f4b6f3cb226f,Martin Emmrich,M,139,2.733,0.568,-0.035,0.046,nan
fd565e56-6223-4ef0-882e-02346e7e0573,Brooke Caruso,F,59,0.631,0.704,-0.023,nan,0.024
38fdc174-96d6-459f-a27c-df35eb9f945c,Ashley Griffith,F,115,0.824,0.62,0.02,nan,-0.021
dba7cf49-9f57-43e3-878d-a63ced26a243,Jaeda Minniefield,F,150,0.712,0.469,-0.01,nan,0.014
bf84d952-c6a8-4494-943d-064b223e764f,Estee Widdershoven,F,111,3.366,0.633,0.015,nan,0.003
34270d82-e968-407d-a918-8aa57f0123a6,Elsie Hendershot,F,84,1.361,0.601,0.022,nan,-0.015
cd7b97fc-d912-4c59-8ab3-c2d70e79d998,Lina Padegimaite,F,86,0.841,0.616,-0.015,nan,0.026
65bcab7c-9c93-4dc8-a847-a34da426b933,Martina Frantova,F,77,2.109,0.674,0.017,nan,0.001
79046b96-4601-4443-ad6a-b1d2451be668,Rachel Summers,F,55,0.824,0.804,0.002,nan,0.008
23a8af5a-fed3-445d-99aa-1a5f69a05ff6,Brie Aldridge,F,21,-0.117,1.132,0.005,nan,-0.002
2f28b85f-2645-4f75-8571-67335413387b,Morgan Downing,F,18,-1.002,1.237,-0.003,nan,-0.006
070be5dd-2dcf-44b6-b2e7-37d9fbd29aa2,Adalynn Lund,F,35,0.17,1.082,-0.009,nan,0.016
507d4427-617b-4607-b842-e3a12dc03d7a,Monica Perez,F,9,-0.615,1.577,-0.001,nan,0.001
0df3b359-d935-4c79-a16a-ce373f55db07,Ernesto Fajardo,M,31,0.733,0.98,0.003,0.0,nan
7a300520-8298-4458-8968-db478e23e9be,Tobias Moreno,M,34,0.479,1.044,-0.004,0.009,nan
7ad44e60-98f9-4c58-9a73-63eebef2c770,Rey Greenlaw,M,8,1.72,1.718,nan,0.003,nan
27abe9f1-12ad-4e8b-a8ed-97b3362d38b9,Caio Bardauil,M,15,2.337,1.501,0.001,0.007,nan
1d51becb-4ea0-4878-9660-e3fd2dfaa0ea,Ewa Radzikowska,F,65,4.279,0.797,-0.013,nan,0.041
435e466e-22c7-4917-8cb4-ff45bbccde19,Tamaryn Emmrich,F,93,0.924,0.647,0.001,nan,-0.004
6a87bc44-5190-44db-8a2f-467de4de48c6,Christa Gecheva,F,103,1.214,0.591,-0.001,nan,0.009
be74032b-1035-4ece-bf4f-773b45da4d58,Mehvish Safdar,F,101,1.571,0.561,0.03,nan,-0.026
28084fc7-8653-4ff0-bc3b-1bf582d03a75,Jay Evans,M,24,-2.479,1.145,-0.015,0.006,nan
6eb8ea1c-31ca-4c18-ba0c-ab8a75cdc24f,William Hsieh,M,42,-2.017,0.956,nan,-0.002,nan
370e5d82-716e-4a25-8048-170cf7deb74d,Tyler Glowaki,M,7,-1.346,1.647,-0.002,-0.009,nan
18c26e29-906c-4020-9bf0-73eda5da52b0,Brian Chamberlin,M,3,-1.089,1.833,nan,-0.001,nan
8983be9d-1de3-4ae2-a6ed-1584a478bc33,William Owens,M,13,-0.98,1.434,0.002,-0.007,nan
ab0e7256-6f4e-43de-b85d-6bfab0bbc41d,Brayden Nguyen,M,22,1.153,1.263,nan,0.006,nan
283c842a-ddbd-4e94-9922-ef3080f75ad3,Maksims Kazijevs,M,15,3.322,1.274,0.011,0.006,nan
11e203e1-6239-4f00-aaf9-752aae883120,Rodrigo Reyes,M,3,-1.542,1.822,nan,-0.007,nan
7ea6e46a-c319-4768-9fb3-a286dd5f69ce,TJ Rudden,M,30,-1.548,1.052,0.001,-0.002,nan
a973d880-71ca-48d1-b127-a7e23afd5a19,Matthew Mead,M,51,-1.132,0.819,0.004,-0.012,nan
dafc4c81-f88d-46cd-ba95-938451cfc7c3,Matthew Pokorny,M,11,1.785,1.717,nan,0.005,nan
3bb15eba-5e68-4c58-b866-a80945be280d,Evan Ankrom,M,13,0.329,1.611,nan,0.001,nan
7867cc51-11d1-471f-a8bb-9d8370b6a698,Nicholas Wade,M,86,1.639,0.71,0.011,-0.004,nan
3b7dc75e-0c73-4576-872a-a32e27106d67,Cole Whitaker,M,18,1.308,1.297,0.014,-0.01,nan
762638fa-47d4-4763-b313-10674edd62f7,Kleyton Martins da Silva,M,6,-2.538,1.662,-0.015,-0.003,nan
ab191e61-9fad-463b-aab5-b8db45fecf9b,Carlos Miranda,M,2,0.002,1.848,nan,0.002,nan
f4c43443-fdff-4344-b291-274cfd26361e,Juan Benitez,M,76,3.92,0.661,0.028,-0.013,nan
99b25b49-2a51-412d-9fbf-e1b6804acce0,Camden Chaffin,M,108,2.752,0.566,0.025,-0.014,nan
086c9ee0-0aa3-4d2e-bc64-22a683f44d73,Ahmad El-Zarif,M,22,1.891,1.332,0.013,0.002,nan
95015a41-423e-4439-94ee-84e275c45787,Stephen Preissler,M,14,1.101,1.549,nan,0.008,nan
22839b0d-41bf-4830-8f1e-0da170ebc723,Haley Ferguson,F,56,-0.687,0.769,0.006,nan,-0.013
6518ca38-f4c7-4fd8-84e1-38a7904132c2,Sharienne Ricardo,F,6,-0.067,1.664,0.001,nan,-0.006
8d01e666-4546-4a07-8e01-898269fe10a3,Caroline Stepnowski,F,4,-0.833,1.806,-0.002,nan,-0.008
9c5d6416-b8d1-4a12-becc-964afdf2f01c,Veronica Alteri,F,4,-1.193,1.795,-0.005,nan,-0.011
b1ab7d76-a859-4136-8405-3ed7c9be287a,Mari Humberg,F,161,4.615,0.482,0.005,nan,0.017
45e53881-72e4-4de1-9763-c2e7f7f854ba,Andrea Koop,F,75,2.128,0.683,-0.011,nan,0.017
7b85c35f-6a90-4c61-af0b-565658feeb3c,Freddie Powell,M,118,2.664,0.582,0.013,0.0,nan
faeb4240-d633-4d44-9549-f05ba2577ccc,Zachary Card,M,4,-0.922,1.763,nan,-0.006,nan
f932a82f-0702-44ac-9a1f-09bb5670b25c,Christian Lund,M,31,0.429,1.128,0.001,0.004,nan
dcb9c21f-33ea-42dd-9049-ee472960c510,Colton Thielman,M,2,-1.106,1.934,nan,-0.004,nan
7cf93ef3-86b7-4bb4-937b-5b5dc4c72c32,Valerie R Simon,F,44,1.079,0.951,-0.0,nan,0.008
efedfcd1-7638-4c6e-8225-fea7f8d40031,Victoria Simon,F,47,1.322,1.01,-0.001,nan,0.01
316a0784-5829-4fad-89a1-438e5aac2504,Jazz Hearn IV,F,47,-0.933,0.831,-0.002,nan,-0.002
7a1af963-1c88-472a-a952-e2960f36a408,Kimberly Bacalla,F,7,-0.875,1.484,-0.003,nan,-0.003
81e17ce3-29fe-47ca-886e-01a2f2f78f9a,Tim Ahlersmeyer,M,2,-0.199,2.009,nan,0.002,nan
8ba3726b-061b-4f87-b0c5-5d148632f610,John Moorin,M,2,-0.23,1.969,nan,-0.004,nan
8bfb2660-cdda-43fb-81cb-5ff420c9f86e,Jae Centonze,M,19,1.0,1.321,0.006,-0.005,nan
56bfd96c-d7a3-4a67-bad6-b53d2830f324,Joshua Elliott,M,4,-0.046,1.829,nan,-0.001,nan
1f90b0ab-f6eb-4b7c-b500-ac374c978857,Noah Torres,M,13,-3.962,1.283,-0.01,-0.013,nan
f46666b8-a454-42eb-b316-f63ea86eeee2,Brendan Gallagher,M,8,0.498,1.503,0.009,-0.006,nan
c3012322-e95e-4e38-a0d8-106f9e236869,Keilly Ulery,F,89,0.38,0.635,0.022,nan,-0.023
4214dfa2-6d13-43c3-b98b-f36e4556402d,Kayla Williams,F,47,0.921,0.833,0.001,nan,0.005
862828c0-8303-4544-8f15-71778448858b,Michelle McMahon,F,2,-1.183,1.883,nan,nan,-0.001
f62a6108-c91d-40e4-a920-f00e76ed6ceb,Stephanie Galainena,F,2,-1.122,1.988,nan,nan,-0.006
04ab231b-f2ab-456a-a79a-1728f29e42fa,Eliel Herminas,M,18,1.609,1.309,-0.008,0.012,nan
a9cafd74-bf45-4f9c-924f-c1b261e4e5b0,Jorge Garcia,M,2,-1.127,1.843,nan,-0.009,nan
ada0bbbd-af78-44e2-a7e2-9c87b116be8b,Noah Waddell,M,22,2.879,1.282,nan,0.015,nan
15e0c195-7c57-48f3-8f90-ae4152e0d797,Preston Engel,M,17,0.031,1.316,-0.007,0.009,nan
bcc494bc-5aed-4094-84a0-54da933a7ce5,Brett Barrette,M,2,-1.559,1.835,nan,-0.006,nan
c41455cf-8121-409e-aab4-a115573c2abb,Elijah Chernoff,M,2,-1.481,2.029,nan,-0.007,nan
b608d28d-6b97-43c2-9fb4-37fa88af3d26,Benjamin Pepion,M,6,-1.441,1.614,nan,-0.009,nan
3c76112e-022e-47a0-8e68-f726118c5eb6,Eduardo Correia,M,2,-0.694,1.913,nan,-0.007,nan
5925398b-b2a9-4e8f-ae46-5c2b59b1b818,Nicole Conard,F,131,0.879,0.517,0.016,nan,-0.009
ad6e69ff-7913-4b21-86dd-9489f749be01,Paula Rives,F,123,2.024,0.557,-0.01,nan,0.021
6bd2d6e4-c8f0-4903-a4b0-4fa9db53419d,Piercarlo Usai,M,8,-1.067,1.641,nan,-0.003,nan
eb88338a-8029-4801-9a7f-e4d48c9b5d83,Domenico Geminiani,M,41,1.994,0.926,0.017,-0.006,nan
9025d606-dbed-4a6b-a0ea-3a59520681c8,Scout Johnson,F,4,-0.996,1.728,-0.009,nan,-0.004
b221978c-a94a-4c37-8c15-c9162683a6db,Adrienn Hidvegi,F,2,-0.697,1.894,nan,nan,-0.003
deb34ab5-bc2e-4fda-894e-600a62ca0fa7,Michael Shaw,M,15,1.603,1.351,nan,0.006,nan
cbd1cfb1-5a03-4181-bbbd-67689238cf50,Johan Nilsson,M,4,-0.807,1.783,nan,-0.006,nan
7969379b-12b1-4f80-8fa2-0e548c1e4127,Julian Slive,M,15,-0.616,1.39,0.01,-0.013,nan
9fa6a300-42c2-4a96-b7c0-9afbe1342e59,Adair Garcia,M,14,-1.624,1.263,0.01,-0.023,nan
80217cca-df99-4019-a90f-385622ca057a,Zach Gonnering,M,140,-1.128,0.533,-0.02,0.027,nan
9db29a7a-1fce-4394-a1f0-a5fbd2bc2e7b,Jake Anderson,M,123,0.674,0.584,0.029,-0.026,nan
4e82e645-294f-424e-b1e7-28f93e2cb7cc,Benjamin Bramblett,M,21,-0.926,1.382,0.004,-0.006,nan
0ac11983-04a4-49b8-80b6-afbc7453465e,George Bulger,M,17,-2.188,1.572,nan,-0.013,nan
857c4707-29ff-4af1-a643-542d90e3f64a,Olivia Almy,F,2,-1.657,1.889,nan,nan,-0.009
35546bea-13a1-45f4-9e7e-871427f5e4eb,Alexis Almy,F,2,-1.536,1.989,nan,nan,-0.012
aabcf6ba-177f-4f35-ade3-0ea5de2f193f,Ben Slive,M,28,1.223,1.067,-0.008,0.016,nan
9d7b2972-477c-4cea-977d-f65f86dccac5,Parth Mody,M,63,1.545,0.825,-0.018,0.027,nan
e5ac8238-d08d-4ee4-8440-74cd1046103d,Daniel Gallegos,M,2,-1.182,1.848,nan,-0.002,nan
aaf8a3b5-6daa-4536-99d7-c0259db547d1,Gautham Bondugula,M,4,-1.959,1.89,nan,-0.01,nan
ba70f3a5-4693-4aa8-a8cc-1b5c0544b75a,Nicholas Romano,M,21,1.324,1.197,0.002,0.005,nan
3352fcce-bc05-4a02-bf59-c1984cec3e56,Chris Walker,M,7,-0.121,1.539,nan,0.003,nan
b191bf5b-58d6-4232-ba55-1defadd14f79,Diego Lebron Perez,M,17,-0.996,1.453,0.004,-0.012,nan
910ddcee-8ffa-4ee9-9bdc-507fb3f394dd,Ryan Lucci,M,2,-1.067,1.904,nan,-0.01,nan
a756ee87-c12d-4264-bc6d-0e2c56fba4ff,Dan Nguyen,M,31,-0.78,1.019,0.004,-0.011,nan
352e9dfb-7352-41fe-9f5c-791a46c171c7,Ryan Nolan,M,2,-1.574,1.96,nan,-0.006,nan
f2ea5b33-f909-4aa2-9510-7c4d3a1e6825,Christee Chargot,F,8,-2.445,1.479,-0.003,nan,-0.007
72ac13c2-8036-4bc8-939b-d06b07cf74e6,Lauren Lennertz,F,2,-0.517,1.992,nan,nan,0.002
384352f7-75e1-4970-a261-35cc5c80b729,Zachary Higginson,M,8,-0.989,1.719,-0.005,-0.003,nan
edf429ee-2e5f-4573-b2c5-e0a366cc2a27,Samuel Higginson,M,6,-0.164,1.779,nan,0.0,nan
d8d0e587-606b-44a1-8b98-0bd4a518d513,Natalia Maynetto,,4,0.214,1.751,0.002,nan,nan
6a1154ad-8b24-4dae-ae1b-77e8d9e47af9,Zach (ernesto) Hunter,,6,-0.617,1.719,-0.0,nan,nan
f91b88a1-7d1e-41ad-9782-200959faf6bd,Olivia McMillan,F,60,1.713,0.725,0.026,nan,-0.018
33fcb3fe-f32a-4b52-9f31-4d2225c9b126,Jemere Plummer,,12,0.052,1.454,0.005,nan,nan
b3dd67b6-42ba-4109-b974-149162bb7211,Federico Nani,M,10,-0.842,1.501,-0.002,0.002,nan
906cfb51-866b-461e-8794-bdad7c46cb22,Brittni Tonnessen,F,20,-0.249,1.159,0.008,nan,-0.006
64bd1db9-29c3-48c8-ac61-22eea701198c,Eva Kohutova,,2,-0.767,1.973,-0.005,nan,nan
7cb07784-a295-4038-b712-ec86ecd70c39,Michelle Esquivel,,7,0.557,1.696,0.002,nan,nan
c7c8ac47-3be8-4351-aa7e-a88d3a0c158b,Katie Mell,,2,-0.395,1.948,-0.005,nan,nan
4e73b5b4-d734-4258-91cf-b678d08200a9,Maria Ford,F,30,2.187,1.096,0.022,nan,-0.009
b032c581-0cfa-4263-ae43-b094d2946af3,Andrea Miller,,2,-1.699,1.844,-0.016,nan,nan
86ed685e-f72d-45fa-a1ca-1a1787eb820e,Vladimir Orellana,M,8,-1.226,1.668,0.005,-0.017,nan
c00d1e76-0116-49f5-b0b4-9b518b9cd628,MJ Marrero,,24,0.711,1.545,0.007,nan,nan
bf96031e-108d-4a37-810a-d43f63339231,Audrey Banada,F,30,-0.905,1.441,-0.003,nan,-0.001
1dcfe215-9845-4590-9432-8a3087e748af,Brittany Levkulich,,9,0.104,1.721,0.0,nan,nan
48359011-0793-437a-bfa2-b7a4c5194689,Roger Dugas,M,14,-0.161,1.509,-0.001,-0.003,nan
21086dd0-deef-46da-913f-4064d25ba550,Mandy Gabriel,,2,-1.147,2.0,-0.007,nan,nan
a33fae19-76c1-4ec3-9845-2b2b471baa70,Johnny Goldberg,M,26,0.885,1.062,-0.017,0.017,nan
1c49ab19-88d1-43b4-94cb-ab7ec9205ec9,Regina Goldberg,F,29,-0.23,1.05,-0.006,nan,0.003
79b585e0-c2e0-4adc-a2f2-72b9e19cbe6d,Brandon Johnson,,2,-0.249,1.907,-0.005,nan,nan
623c9f3d-7974-463d-8e10-0b290ed48533,Alicia Lai,F,14,-0.16,1.329,0.002,nan,-0.005
c41e0c36-ca79-48b6-8453-15978e5f2655,Warren Tamanaha,M,12,-2.032,1.448,0.003,-0.009,nan
c62c2081-d9ce-4750-93f5-c9163bf46f74,Yaamunan Venkatesan,M,55,0.404,0.821,0.017,-0.017,nan
6f2e433e-3f78-4b6b-8a76-982ba6a6b340,Jake Panno,M,11,0.043,1.616,nan,0.004,nan
ba1def1f-afbe-4ae2-8300-dad3fa8146ee,Eric Diaz,M,25,0.263,1.332,0.008,-0.008,nan
1abf464c-e8fc-472b-b1c8-f42a5c1fc02a,Natalie Hur,F,60,2.672,0.862,0.008,nan,0.011
8172788a-eec8-4064-90ee-a01dd09e2729,Jaikin Gomez,M,83,0.613,0.709,0.006,0.003,nan
d0513962-42f2-40e9-904e-b5b615587b98,Janaye Sakkas,F,40,-0.538,0.934,-0.022,nan,0.02
f88138cf-6e2c-476a-ba4b-d9f40234575c,Joshua Yoo,M,12,0.802,1.491,-0.001,0.001,nan
68c97127-3873-41f9-a1ec-9bb608a7a74a,Nicolas Almeida,M,44,0.807,0.899,0.018,-0.013,nan
d5d2a4dc-fb77-4686-8f63-d75694831b5c,Karthik Ganesh,M,63,1.393,0.796,-0.0,0.008,nan
087c0954-17b8-440a-806d-a09a1547d9de,Carson Nguyen,M,16,-2.22,1.185,-0.001,-0.007,nan
8ece463d-140b-47fa-a002-2e08b9d0140e,Sunny Krittayaweth,M,38,1.002,0.91,-0.014,0.022,nan
81535c8c-27d9-452c-a72a-61fc9f755b01,Will Mackinnon,M,124,2.361,0.521,0.047,-0.04,nan
2feffeaa-aca5-4c5d-aad6-62eb0d38a6be,Abigail Okelley,F,46,-2.39,0.869,0.007,nan,-0.021
2ba55b93-98c3-4fbd-a963-95fc8467d00a,Kelly Jensen,F,23,-1.951,1.266,-0.002,nan,-0.005
001e944e-7159-46c8-afe6-63c2754d9241,Brodie Smith,M,21,1.229,1.492,-0.005,0.013,nan
b046a7b0-2e97-403a-b28a-210cca13d0cc,Omar Garcia-Heredia,M,16,1.485,1.505,nan,0.01,nan
771a635c-4be0-4f47-a409-229d0471803d,Maddox Castellanos,M,20,-0.105,1.179,-0.007,0.003,nan
b43c46a3-0b98-4fdb-aa93-6c3982761aeb,Rob Hutchins,M,2,-0.288,1.898,nan,-0.004,nan
70c18684-f615-4d05-9aa9-5cbdbd53ab9f,Carlota Trevino,F,108,3.245,0.592,0.012,nan,0.004
9ce32de7-16c9-4786-a7b0-8c1c2c623d69,Rafael Lenhard,M,135,3.006,0.498,-0.007,0.034,nan
32533c90-90c8-460b-b421-b86388642058,Jessica Bowman,,7,0.047,1.548,-0.001,nan,nan
fc9e5496-9afd-4473-8713-303669096a99,Tayah Cross,F,5,-1.159,1.764,-0.004,nan,-0.003
2a080a31-03da-43d5-b60b-a58ceb39e142,Cori Sidell,F,5,-0.757,1.693,-0.0,nan,-0.003
2b508074-59ec-455c-8974-31de393bc165,Lyn Yuen Choo,F,55,1.784,0.959,0.006,nan,0.009
d0d6d65c-6a52-4676-8c71-281d29a8db01,Harrison Brown,M,8,0.865,1.617,-0.004,0.008,nan
091e8c64-3b31-4263-889e-7170c2313b97,Santhosh Narayanan,M,5,1.19,1.838,nan,0.007,nan
c85c50d9-eaa4-4581-b6bb-583a808706bf,Kyle Koszuta,M,56,3.214,0.955,0.005,0.006,nan
4fdcaa8b-8ebf-4cba-b759-d7c8e9d55ec0,Elliott Schupp,M,51,3.013,1.022,-0.03,0.045,nan
25139050-f977-4456-9545-7d63b72fa380,David Litvinov,M,63,1.498,0.784,0.0,0.01,nan
b025eccb-868e-4ce6-a4db-c1082a288b59,Maddy Rasmusen,F,109,1.254,0.579,0.004,nan,0.006
a7e358b0-517e-4972-89ff-d95f0797e1c7,Jase Edwards,M,41,1.816,0.904,0.013,-0.014,nan
b5256e08-9c6a-4eb3-8fe6-f522b269c1ab,Dana Raugust,F,24,0.198,1.026,0.005,nan,-0.004
57d81852-8998-4d7c-9ed6-737c404c8650,Jericho Grollman,M,29,2.179,1.162,0.01,-0.002,nan
72b85855-dcb3-4d14-931f-edd3c0b097a0,Madison Grollman,F,30,2.763,1.145,0.019,nan,-0.006
46964855-27d5-412f-be82-2df7e45a99e5,Jaden Lam,M,23,-0.094,1.154,-0.014,0.006,nan
e4bf2cca-f71a-4ded-89fe-39db811423db,Jace Howard,M,61,2.247,0.863,-0.002,0.008,nan
cda7df21-9bc5-4986-b080-122b97324ae9,Liam Jesperson,M,3,0.288,1.874,nan,-0.002,nan
645fef2e-5e60-4264-bbd4-dd99378b4a7d,Josh Barber,M,6,-0.428,1.694,0.001,0.001,nan
91c84f14-5709-4981-b97d-24bdd39a5a31,Alyssia Fossorier,F,22,-1.115,1.268,0.006,nan,-0.016
73c5d397-f260-441e-b3ef-c4afc9755e59,Matthew Sah,M,33,1.015,1.157,0.016,-0.002,nan
75f41068-36e0-43cf-a9bc-b2ec693b17ea,Michelle McLaughlan,F,4,-0.45,1.792,0.004,nan,-0.0
cb9ea037-f204-4216-ac56-930a01009166,Matt Burkhardt,M,117,2.079,0.561,0.046,-0.033,nan
079cece3-01b2-4dd1-9e95-957b83b14cd7,Victor Rodrigo,M,40,2.177,0.963,nan,0.002,nan
c14774e8-bb9b-4512-a867-fb4aed28941d,Harrison Yee,M,3,-1.4,1.882,nan,-0.01,nan
945e83e2-997f-4795-805f-deb450f58108,Anderson Ju,M,7,-1.394,1.717,-0.0,-0.011,nan
d56a6779-9a18-4f34-9519-9a7c7c8b2d0e,Derek Shearer,M,5,-0.867,1.841,nan,-0.005,nan
3d1d26f9-b591-4b81-80be-a2e708e216a7,Chase Holderman,M,5,-0.852,1.881,nan,-0.006,nan
1936f665-e630-462a-bd89-0dcfcf7c9e6b,Indigo Dagnall,M,54,0.483,0.766,-0.002,-0.001,nan
9a449e9c-69aa-4a48-8f28-217766ab25f7,Armaan Jiwa Mawji,M,57,1.549,0.781,-0.005,0.019,nan
7ef0e6aa-5130-41c0-9c7c-68cb94fa2d3d,Jack Sahid,M,14,0.159,1.44,nan,0.002,nan
0517f4a6-2648-470e-a9ff-8cf78eee3421,Connor McCartney,M,58,0.805,0.887,-0.006,0.011,nan
12c765d0-8384-41d3-a498-de63fd7c37da,Naomi Nguyen,F,97,1.348,0.6,-0.002,nan,0.009
e8e10ea8-2ff2-4155-9169-cc33ff8c6265,Rio Newcombe,M,114,1.931,0.569,-0.023,0.035,nan
620360f7-1497-4331-9bba-6cfd07a4b59e,Kathryn Glavinovich,F,25,-0.477,1.036,-0.008,nan,-0.002
edca189d-8781-4491-a146-868c85f7cf25,Blake Suard,M,43,0.047,0.908,-0.008,0.007,nan
bdfff14f-d84e-4fe7-a71b-e78e75245caf,Isabella Hoang,F,7,-0.631,1.506,-0.004,nan,-0.005
9e8ad96a-17a3-48bf-9363-7b35cc96b2b8,Averee Beck,F,52,-0.25,0.748,-0.012,nan,0.005
dc69fcde-bcda-4441-8b66-a8bafeb12ded,Joel Poland,M,122,3.443,0.707,0.016,0.008,nan
d0a30dc1-a7d7-475c-bfc9-d55e0aa8e7e3,Ethan Bakalinsky,M,71,1.612,0.769,0.003,0.006,nan
a0581131-7d36-4424-b7f1-a5a4eaaed30f,Cc Eleven Sacca,F,41,-1.672,0.821,0.02,nan,-0.026
cd9ee524-11da-4099-805f-1f362f2bc468,Stevie Petropouleas,F,38,-1.334,0.893,0.003,nan,-0.015
5c428248-d346-49fc-8c5e-ad19fb318da2,Dayna La Belle,F,18,-3.112,1.14,-0.01,nan,-0.005
c4c010a3-0006-4da7-953c-163b7649e82e,Fabian Jacobo,M,5,-0.434,1.741,nan,-0.006,nan
5fcfd16c-01fc-4450-969e-73a2d733e224,Preston Lynch,M,9,-0.142,1.545,nan,-0.003,nan
f0bc1e5c-c452-41f9-a59b-2843bb9f9139,Chloe Pham,,4,0.138,1.868,0.004,nan,nan
9042aed4-6e55-4b8d-9872-a86c19674c2d,Mackenzie Lee,F,6,-2.633,1.605,-0.002,nan,-0.009
79cb3f14-3b40-45de-8084-e5d27a0374a5,Matthew Powley,M,15,0.069,1.417,-0.012,0.012,nan
ecd31a05-120f-4373-b5c1-21136f8f0bf1,Braden Jacobson,M,94,1.361,0.589,0.011,-0.005,nan
91846d4e-67fb-4891-87a6-bed8362b8e2c,Olivia Phillips,F,35,-3.116,0.886,-0.023,nan,0.008
6396521a-e346-4dbb-b306-b2f026d4f547,Julianne Le,,6,-0.1,1.697,-0.003,nan,nan
41c769d6-a3de-4db0-b7b7-cec7c5dee51c,Ishan Balakrishnan,M,22,0.231,1.229,0.004,0.004,nan
37a2a373-8d3e-4177-bf1b-e6c9eaa52f5e,Natalia Simson,F,87,0.124,0.69,0.018,nan,-0.024
825a7705-2296-4b6d-9a7c-e0669988d6c6,Cadell Traya,M,21,0.513,1.179,nan,0.004,nan
a221652d-812b-480e-82fb-7c58791ba147,Carl Taibl,M,8,-0.798,1.664,nan,-0.011,nan
48f917fe-02e4-4607-bd40-c7d6cd86795a,Dawoud Ghafarshad,M,6,0.763,1.798,nan,0.0,nan
4c1c2c50-a75e-45b4-adc1-c83bb3b5677b,Ashley Mackie,F,7,-1.632,1.557,-0.007,nan,-0.002
d1ca938d-f130-4aa7-a753-1004bd0661e6,Caroline Maguire,F,29,-0.441,1.036,-0.013,nan,0.016
84a2e8e4-b4fd-4625-8011-244c37e62b72,Jessica Mason,F,20,-3.789,1.164,-0.013,nan,-0.004
55451ddc-a54a-4deb-986f-0a5325bf9e8b,Michael Kuhlman,,5,0.248,1.793,0.002,nan,nan
26106b4f-970b-48b1-8a08-7d921540935b,Hannah Ward,,5,0.273,1.85,-0.002,nan,nan
fa7cb18f-9d87-4d49-bb43-5291b7201bd3,Jessica Ho,F,31,-0.077,0.957,-0.001,nan,0.007
436bcdfe-1a5a-42ee-94d7-b29c12149f1f,Julianna Hess,F,17,-1.567,1.262,0.014,nan,-0.03
33e8c243-d1a8-4821-89cf-e15bf003e6f4,Ryan Skufca,,8,1.718,1.576,0.005,nan,nan
8af41b49-c25b-4103-bf60-fa36ab5fc278,Chase Ora,M,14,0.092,1.362,0.001,0.001,nan
2c1692a6-0fa2-47b0-9d2b-e12b5c054ef4,Janet Liu,F,110,0.681,0.597,0.012,nan,-0.008
69f2c636-4483-4d7b-81bd-e2ac920b88e0,Angel Hernandez,M,19,0.032,1.229,-0.003,0.003,nan
a6f57d71-bf90-48fc-b05b-abe66980a132,Mike Radermacher,M,119,1.307,0.611,-0.02,0.033,nan
f370a1a0-2e1a-463b-a35c-30899131f7d6,Troy Akin,M,51,2.046,0.768,-0.004,0.015,nan
dd1fe72e-5c35-47ea-8996-1f6a3c0c5538,Justin Fullmer,M,19,-0.895,1.322,-0.005,-0.003,nan
b54ce769-9594-4708-9d63-7d4628de7daf,Dylan Fullmer,M,11,0.322,1.532,nan,0.003,nan
9f32cfa3-98c6-4e00-bc33-bb4a39f96106,Josh Bellisime,M,5,-0.455,1.705,nan,-0.005,nan
01896d81-137e-4ebe-b18b-8d1c3beeb375,Isaac Hall,M,12,-1.257,1.767,nan,-0.007,nan
297c0964-7348-4a6d-a99a-88b3e56fc5d0,Aiden Schliekelman,M,12,-1.382,1.776,nan,-0.006,nan
34df6ae0-3b15-474c-81a9-63bebc580ed7,Brian Bonilla,M,8,-1.257,1.534,nan,-0.009,nan
81695a18-feb6-4133-b505-4c8990fbea18,Ant Tran,M,14,0.176,1.359,nan,0.002,nan
9885290a-b002-41ab-b27c-eeacbc197822,Flynn Orton,M,12,2.168,1.349,nan,0.016,nan
54b45fcd-72f8-4cfd-9a37-3c3a0989f56c,Alexander Valencia,M,9,-1.458,1.503,0.001,-0.009,nan
3b3966e9-7b11-4c09-bb6e-f43dfaa51176,Roman Hill,M,2,-1.295,1.902,nan,-0.01,nan
47690bb2-18cf-4172-889a-1f9cc5bb6d9d,Amir Tabatabaeian,M,25,1.252,1.137,0.002,-0.001,nan
fdbc0750-8ded-4bfe-9657-4b84779dcee6,Tiffany Wang,F,15,-1.733,1.299,0.0,nan,-0.016
df443e1a-4508-4b35-917b-2780cf0ff6c8,Eddy Kim,M,36,0.893,1.007,nan,0.002,nan
bdfd1e77-05f0-4fc1-8da6-15e847990ba1,Tennessee P,M,4,-2.049,1.717,-0.005,-0.008,nan
cdf0b94c-89c3-47cb-96cf-ca5d7b0a2e62,Logan Formaniuk,M,4,-1.51,1.832,nan,-0.008,nan
21ed6c0a-6f07-4e74-afae-9e2218085daf,Levi Daniel,M,48,0.021,0.905,-0.001,0.014,nan
c263bd93-bd93-4722-bf88-d24529837529,Martin Thomas,M,38,-0.456,0.967,0.01,-0.006,nan
00333c0f-cfae-404f-a137-0dca5a3d67dd,Duncan Mulenga Jr.,M,39,0.14,0.931,0.004,-0.006,nan
1e216feb-426b-400d-b79e-3db55899141e,Savanna Ticknor,F,21,-1.902,1.113,0.008,nan,-0.009
a552ba50-5178-4107-aec6-ab9c0a0989b3,Aizec Olson,M,9,0.149,1.597,0.006,-0.006,nan
95c0348f-d93e-44ba-b55e-4971a2d7c1c0,Scott Berke,M,6,-1.959,1.73,-0.008,-0.001,nan
c3066b2d-fc90-4774-a571-cde5fc5583d4,Chloe Diskin,F,102,1.51,0.599,0.0,nan,0.013
d6efd47e-1b45-47fb-a6e6-124f29020e63,Elizabeth Roy,F,18,-2.494,1.207,-0.008,nan,-0.008
0dfe6dd7-dcc9-407b-a761-1cafc880401b,Erik Pailet,M,32,0.797,1.279,0.003,0.001,nan
d65ff709-826f-428e-ba7a-5ff4dc3364c7,Lucas Bellamy,M,5,-1.263,1.748,nan,-0.006,nan
6e8395f2-700f-4058-96a9-fad2b62fd655,Luke Calvert,M,3,-0.086,1.907,nan,-0.002,nan
dce4187f-efbf-4ef3-aeb6-f9a5f09b7d0b,Will Gardner,M,3,-0.087,2.079,nan,0.002,nan
5f10ff12-03e8-4384-90a7-a15682ee7edd,Hayden Rand,M,33,-0.191,1.034,0.015,-0.009,nan
a6a6dbc3-d022-414c-a149-542368879e60,Kyle Borawski,M,15,-3.101,1.291,nan,-0.018,nan
0ea54033-c140-4b74-9133-b30bed1b6fb7,Beau Martin,M,10,-1.71,1.416,nan,-0.01,nan
7cbd7e4d-3d2c-40f8-8c09-40c271d64a73,Louie Payetta,M,6,-0.51,1.637,nan,-0.003,nan
1ea37944-3e4c-45da-ad87-506f5024d389,Aaron Li,M,19,-0.031,1.216,nan,0.001,nan
25d59da5-27bb-4584-941c-c2f8bd72577c,Journey Barajas,F,8,-3.329,1.528,-0.018,nan,-0.003
ef40c5da-1ba2-403f-929c-38312222b8e0,Chiron Burl,M,16,1.488,1.414,nan,0.006,nan
ca50e21b-a417-446c-aa9f-5251cee264fa,Jordan Theron,M,7,0.915,1.71,nan,0.009,nan
d643346e-6bf8-410f-a7f8-a84e9b07ab53,Michael McCaffrey,M,29,-0.14,1.097,-0.008,0.005,nan
5106c31c-ea6c-49ba-81ca-b622b1d7afd1,Mackonner Dy,M,21,0.549,1.154,-0.001,0.004,nan
4573f223-7bfb-4c38-a216-8cd8f4060e0c,Tanner Suard,M,12,-1.123,1.434,nan,-0.008,nan
89647b43-f3f5-49e6-896f-614f0175a3f5,Jackson Ayotte,M,99,1.165,0.633,-0.003,0.004,nan
b75145d3-4245-4d72-80a3-622487389ba0,Jerry Worsham,M,15,-0.162,1.31,0.001,-0.003,nan
d8661398-7aaa-4db9-ad08-402c16a5cbbf,Ethan Mahony,M,2,-0.604,2.023,nan,-0.004,nan
6ae70906-53f3-49ed-a7a1-8d967a528300,Chas Howard,M,4,-1.357,1.826,nan,-0.004,nan
62955f38-bdf5-46af-9622-13c7afe90619,Jonathan Truong,M,115,2.99,0.52,0.006,0.004,nan
646f7432-e6ad-4ccf-95ee-a0e5d9514d28,Alix Truong,F,122,2.697,0.53,-0.001,nan,0.022
9034d36a-1b11-4c9d-ad75-5c665d87b8c5,Pierina Imparato,F,51,1.602,0.761,0.019,nan,-0.007
26ef815c-33ef-404d-a3b8-f0a26c240109,Stephen Madonia,M,20,1.648,1.097,0.002,0.006,nan
146dd2f7-7f5d-495d-b2f1-96d433742fec,Eduardo Santini Ayon,M,152,0.853,0.654,-0.005,0.014,nan
ba491f1c-0112-47a8-a348-4695289e958a,Augustus Ge,M,166,3.166,0.481,0.033,-0.018,nan
736475dd-7ccd-40d8-8b43-8c2d9ef9e674,Maggie Brascia,F,30,1.778,0.956,0.013,nan,-0.0
614e164a-4197-44eb-855c-586cf79fbfc9,Ivan Jakovljevic,M,97,1.985,0.652,0.027,-0.015,nan
ec4cdfe2-c6f6-4de1-824e-9adcaeb31196,Judit Castillo,F,108,2.983,0.621,0.047,nan,-0.023
fec65f7e-f2c8-482f-ab5b-541cf53b1064,Tyra Hurricane Black,F,214,4.81,0.487,-0.004,nan,0.024
79a11da1-6aeb-4719-9b1e-9918e0163cec,Christian Alshon,M,224,5.269,0.534,0.028,-0.002,nan
25104e43-16f9-4ce3-9085-70243d8b350a,Ella Yeh,F,98,1.532,0.562,-0.032,nan,0.032
518626d4-2600-4134-8c6a-0ae9315f9625,Cason Campbell,M,89,1.481,0.617,-0.019,0.026,nan
03db4060-fcb3-41f7-83d5-7ee732dd8841,Jade Rau,F,81,0.835,0.619,0.031,nan,-0.032
1e5d81dc-961d-455a-b80f-d6c30c518cde,Caden Nemoff,M,53,-0.543,0.75,0.004,-0.006,nan
64a6650b-96f6-4382-8db8-9edcd7838743,Kento Tamaki,M,28,0.6,1.084,0.021,-0.012,nan
8df7caa9-af2f-4381-833a-f56776546f88,Claudio Quinones Garcia,M,15,0.161,1.216,nan,0.005,nan
2e0c0227-6e3e-43d5-8037-7f8bd0f9b935,Gabriel Joseph,M,54,0.725,0.758,0.026,-0.021,nan
481d9fef-ed7a-4fc9-9d19-a4f9b5a57d56,Ella Cosma,F,65,-0.109,0.724,0.013,nan,-0.013
9b97206b-783a-4fab-85e9-45a6240325a5,Catherine Parenteau,F,200,3.417,0.526,-0.005,nan,0.025
d50310a6-9378-4228-823f-7fb54f7bd698,Gabriel Tardio,M,265,5.548,0.524,0.014,0.021,nan
6f149538-c6f6-4ad5-9e60-2afc100f97c1,Spartak Rahachou,M,36,-2.021,0.882,-0.016,-0.002,nan
22989ac3-e778-487a-ba32-a30243acd294,Christine Trifunovic,F,35,-1.631,0.892,-0.012,nan,0.0
8a71d348-6401-4068-bedd-f4ed30460d2f,Andrew Caldarella,M,66,0.54,0.647,0.003,-0.002,nan
20684550-cb89-4ea2-9e2f-0f44eb920b45,Chao Yi Wang,F,112,3.726,0.534,0.049,nan,-0.022
dbcb41e9-e983-410b-bc23-d184d034cfc0,Tyson McGuffin,M,114,2.501,0.585,-0.003,0.02,nan
89843e44-48fd-4a3f-b8c0-5f5aa6ae5741,Dekel Bar,M,135,3.469,0.513,0.006,0.012,nan
be33755f-9262-461b-aedd-e9a7a686a82c,Jackie Kawamoto,F,84,4.818,0.621,0.011,nan,0.02
574957ae-e8d5-486e-aabc-a1cc6a392f8d,Jalina Ingram,F,127,1.847,0.52,-0.006,nan,0.015
3701f5a0-aa34-4a06-a718-7b223491362e,Ethan Violette,M,3,-1.612,1.89,nan,-0.011,nan
52726ab1-2ac9-46c0-be90-6b0e7a2d56eb,Pablo Tellez,M,130,3.238,0.527,0.016,-0.001,nan
06dc9b8a-5c01-49cf-bb4d-70d7b5f85acf,Brooke Buckner,F,108,2.413,0.568,0.003,nan,0.011
06ba18e0-687b-4aa3-822d-1c86981f576b,Rafa Hewett,M,119,2.999,0.553,0.06,-0.038,nan
4da698bf-605d-4c6c-8566-6bfbdb6c1a24,Genie Bouchard,F,15,-0.377,1.186,0.002,nan,-0.008
4e39b9bd-436d-495d-99d7-c2818bbea4ab,Camila Zilveti,F,34,-0.053,0.884,0.008,nan,-0.013
53b056f9-095a-40fa-881d-142629905f8a,Luana Stanciu,F,65,-0.187,0.693,0.028,nan,-0.027
69633ccf-87be-4975-a578-53d6e166c91b,Wil Shaffer,M,35,-0.599,0.866,-0.016,0.016,nan
b51ea0fb-c243-4427-85f8-b798febb51ff,Jorja Johnson,F,224,5.148,0.535,-0.01,nan,0.029
bd061b42-2f82-4bbe-82be-d8bcfb37f9e1,JW Johnson,M,221,5.39,0.548,-0.005,0.033,nan
676b1cbc-766c-4616-bf39-1787ffd8c72a,Etta Tuionetoa,F,89,2.834,0.601,0.021,nan,-0.008
8160ad59-4654-46b1-b229-8d5f2a9a45f9,Hunter Johnson,M,112,3.547,0.516,0.009,0.009,nan
52690a0c-ed4a-4e0b-bf69-4ef416cf7d55,Eric Oncins,M,205,4.976,0.49,0.028,-0.01,nan
8f521dcc-1cb5-4c8d-933c-af6b267bd395,Meghan Dizon,F,134,3.447,0.526,0.025,nan,-0.005
6160a7c7-6b90-41f1-96d3-af5fa1623ca5,Collin Johns,M,83,2.954,0.67,0.002,0.003,nan
b6fe1237-b049-405c-a641-d57f8170a9a0,Albie Huang,F,72,0.995,0.669,-0.003,nan,0.005
b35ed876-bcdc-4024-9746-fe1bcb3957f5,John Cincola,M,26,0.629,1.011,0.014,-0.009,nan
b03ff4de-9b8f-46a8-a530-d8f19e9d6ec9,Max Freeman,M,124,3.409,0.574,-0.004,0.021,nan
eb14fc6e-ede1-4999-bec3-e36695e7f94e,Milan Rane,F,141,2.455,0.502,-0.005,nan,0.019
33292af3-984d-4752-8d18-b3a5c147e9fe,Armaan Bhatia,M,97,3.921,0.559,-0.036,0.06,nan
05b194b3-db88-4f77-a26f-5ef5cfbf6146,Riley Newman,M,92,4.342,0.617,0.014,0.008,nan
9eff9049-c45c-42ee-9a49-e9a797cc2116,Cailyn Campbell,F,131,2.23,0.535,0.01,nan,-0.004
4025f403-d676-42ee-97a1-61d9b38c211b,Allison Phillips,F,119,2.221,0.581,-0.016,nan,0.035
a8256366-d2f9-4787-bf8c-d8e76c55fa86,Mouaad Alhouni,M,31,0.217,1.013,0.015,-0.017,nan
0d23964f-d43f-4006-b1e0-13001393216c,Ross Whittaker,M,44,2.611,0.808,0.003,0.012,nan
f8b6b217-f9f8-4fd3-a71d-ae4dfcbb9c89,Ava Ignatowich,F,43,-0.941,0.796,0.029,nan,-0.039
759ecf95-26a6-4ffe-bb8b-035d3ec05f31,Matt Wright,M,45,1.37,0.901,0.026,-0.021,nan
504e8c08-caf6-4db8-b454-11ffa321261c,Lucy Kovalova,F,43,3.769,0.93,0.029,nan,-0.009
88fb0858-b9c3-4620-9408-0dda0eb241ef,Tyler Loong,M,129,2.772,0.518,-0.005,0.025,nan
a95df9a8-772c-4dbf-8c28-e200b7308584,Kiora Kunimoto,F,101,1.974,0.555,0.001,nan,0.011
30d6d999-b324-4744-b08c-8309e83c57b0,Naveen Beasley,M,15,2.708,1.275,-0.009,0.018,nan
fa8d5d28-d8f5-4996-8c35-0f4ca3c35bae,Anderson Scarpa,M,125,3.169,0.578,0.016,0.002,nan
29e8121d-6f86-4192-b7af-ab05b77b89fe,Ting Chieh Wei,F,117,2.823,0.54,0.003,nan,0.018
0ccab93d-398c-40a8-821f-07a2ded79dde,Zoeya Khan,F,73,0.678,0.629,-0.023,nan,0.03
a9a168ae-7822-4d31-b07b-fba40480c1fc,Brandon French,M,101,2.143,0.56,-0.024,0.036,nan
f879086b-e0e5-4772-b0a6-4055c265da69,Tina Pisnik,F,223,5.024,0.462,-0.015,nan,0.038
1bb8b2c1-ca6f-45ac-afdd-fab7e77d69d4,Noe Khlif,M,190,3.997,0.464,0.018,-0.001,nan
ead35052-7367-4296-96d4-064f546cc2b9,CJ Klinger,M,185,3.712,0.532,-0.015,0.033,nan
0c1bb94d-3af2-42f4-b938-d712c707ace4,Callie Smith,F,119,2.485,0.597,0.003,nan,0.01
f03d156f-3d8a-4830-a5d1-ae4372ad5009,Wesley Burrows,M,44,0.65,0.904,0.003,0.0,nan
d69ec633-93c9-4d07-8870-be9f5acd5330,Rachel Rettger,F,44,-2.217,0.783,0.015,nan,-0.023
0b75af4a-8c68-4ff7-a2f1-09bda71b5bed,Andre Mercado,M,106,0.479,0.583,-0.031,0.031,nan
719e2d3b-d10d-402d-a195-41f072214679,Isabella Dunlap,F,198,3.233,0.47,-0.029,nan,0.049
dc7f6ac5-f007-4b8f-b343-95e524dc7d0a,Luc Pham,M,92,2.152,0.537,0.018,-0.01,nan
dd2f2fe3-5333-4036-9d88-f108bdcee3fc,Giovanna Morelli,F,78,0.997,0.615,0.024,nan,-0.024
db5eef5c-99dd-49d9-bbfc-65171a366bda,Anna Bright,F,261,6.089,0.635,0.011,nan,0.023
fc05556e-3e38-4a38-99c2-f855174a7c28,Hayden Patriquin,M,259,5.424,0.611,0.028,0.01,nan
bc7b2475-e580-4734-bc14-814a153bec5d,Pesa Teoni,M,100,1.262,0.587,-0.015,0.02,nan
4057f30d-d42a-4189-a158-11576fb5f52a,Blaine Hovenier,M,140,3.052,0.495,-0.002,0.02,nan
6cae3a50-eee6-45ea-8b28-85ef9c50e3c4,Jade Kawamoto,F,94,5.068,0.636,0.006,nan,0.013
74afd19c-8f82-4ca2-9345-e4d693111033,Marshall Brown,M,48,1.385,0.778,0.017,-0.003,nan
5d73e0b9-a7f9-4521-961b-8d79742ee23f,Albert Wan,M,16,-0.142,1.257,-0.002,0.001,nan
609957ef-fdf8-4171-bd10-f48df4519bb0,Dylan Goldman,M,3,-0.312,1.888,nan,-0.005,nan
f76f4ac5-e3cc-4fe6-a4bc-a968b8b991b1,Alex Walker,F,69,0.697,0.708,-0.005,nan,0.003
925c1306-6b3b-4510-8482-f34168a0842a,Roscoe Bellamy,M,103,2.969,0.539,0.045,-0.027,nan
aec5d8be-9ce0-4cc5-98a4-140fad555fe0,Donald Young,M,81,3.301,0.677,-0.003,0.028,nan
bd7773b4-7b8e-4da2-96ce-98fe3490ee93,Lindsey Newman,F,135,2.197,0.525,0.053,nan,-0.045
a018902f-114c-4519-997c-4fdf52d4a0e1,Abbigal Hatton,F,117,1.115,0.519,0.004,nan,0.008
571d4503-e073-4580-a555-be3c7f93c59c,Chuck Taylor,M,37,-0.019,0.883,-0.01,0.011,nan
41118195-75b3-4b25-adc9-07991301280a,Craig Johnson,M,26,1.928,1.001,0.002,0.006,nan
5883c77e-d6e0-4848-9473-866396578248,Audrey Adele Brown,F,76,-3.048,0.687,0.011,nan,-0.027
30eb9a2b-1570-473f-8cf1-0f7c9d21b303,Zane Navratil,M,83,1.495,0.603,-0.036,0.049,nan
2e0acd0d-95a3-49c3-8648-720ed0fbc7d5,Lingwei Kong,F,96,1.843,0.586,-0.012,nan,0.018
763b4d27-8140-47cd-86f5-982706cd4ebb,Michael Loyd,M,112,2.399,0.527,-0.015,0.026,nan
76419f3a-712c-4241-8940-6f9bda847ba7,Lauren Stratman,F,89,2.619,0.635,-0.036,nan,0.041
2bfe44bb-d558-411f-abeb-c8522dd42ce9,Julian Arnold,M,81,3.305,0.638,-0.019,0.031,nan
469988c9-b401-4c68-9e07-e1b1b104b791,Yates Johnson,M,55,0.519,0.712,0.003,0.008,nan
6794d224-7da3-43d9-8300-e24e731f5dea,Samantha Parker,F,83,2.997,0.604,-0.05,nan,0.07
d0f19d1e-2a6e-4eb3-b10c-1311edd599a8,Will Howells,M,87,3.639,0.62,0.027,-0.011,nan
50908953-a944-4a34-898b-16af312bc814,Rachel Rohrabacher,F,208,5.068,0.514,0.003,nan,0.028
ce4f0e14-80ea-4ed0-a81c-7341d356d427,Yuta Funemizu,M,108,3.498,0.606,-0.023,0.04,nan
efe9989b-5864-48c2-806c-06697024e1da,Allyce Jones,F,132,3.363,0.566,0.002,nan,0.026
ff38654d-daae-4bad-a1a7-690e4e5706eb,Connor Garnett,M,162,3.823,0.524,0.016,0.009,nan
ec94501d-8b59-4236-b77d-7238f8925e48,Marcela Aguila Ampon,F,80,-0.458,0.626,-0.019,nan,0.012
38b1bfb1-576b-4a3e-ab6b-e8bc46031c1d,Eric Roddy,M,36,0.667,0.88,-0.001,-0.003,nan
6f862c1d-1317-4fe7-bdcd-64caa0dbb088,Ben Johns,M,263,5.47,0.579,0.026,-0.003,nan
129b2771-34b5-4b7f-9c23-e020a6aa3e6a,Anna Leigh Waters,F,259,7.737,0.537,0.024,nan,0.014
8e2f9629-19d0-409d-81dc-b64fe2f3d3ff,Jessie Irvine,F,164,2.677,0.479,0.026,nan,-0.017
295e343a-31a0-4e1d-a286-d62592291435,Jay Devilliers,M,149,4.392,0.546,0.017,0.005,nan
71992955-8b6f-470b-a991-796cfa56a826,Liz Truluck,F,107,2.448,0.557,0.009,nan,0.009
1dd5c313-10f5-4e0a-bb9b-699913a5abe8,Mary Brascia,F,29,1.781,1.026,0.014,nan,0.003
f86cff72-5f9c-40b1-9f28-f28aafae245f,Wyatt Stone,M,92,2.848,0.597,-0.033,0.047,nan
3a43c56f-b9d8-4e72-ae8a-58fd69291946,Jack Sock,M,107,4.276,0.597,0.002,0.022,nan
25a6f570-d617-427a-9fc4-3bf6115a9a84,Hannah Blatt,F,48,-1.007,0.78,0.002,nan,-0.015
a91e2b68-7357-4518-baf9-f59b0b4c2477,Christopher Haworth,M,71,2.393,0.648,-0.022,0.04,nan
7925aefe-e260-4b83-8bfc-214da1d14fb5,Travis Rettenmaier,M,30,1.603,0.878,0.026,-0.017,nan
66a6c35b-33a2-4a23-b5db-fa53c96d643a,Kaitlyn Christian,F,132,2.168,0.525,0.01,nan,-0.006
04158680-ebb3-4554-96a1-500cc6d00882,Chloe Igleski,F,65,1.962,0.699,0.004,nan,0.008
d45a3391-82f4-45d0-ba66-f1901854a8d0,Darrian Young,M,117,2.01,0.526,0.016,-0.007,nan
3af01041-5679-400a-87b8-12c01db8cec4,Kate Fahey,F,186,4.399,0.515,0.037,nan,-0.011
7edb882c-6d17-4129-8208-710e3c82364c,Federico Staksrud,M,240,4.535,0.479,-0.004,0.012,nan
602ac701-c27e-408d-9e4e-1f7c02578def,Tam Trinh,M,19,0.195,1.12,nan,0.001,nan
ebb2a1e0-7c6c-48a4-b994-e81edd8ddb97,Patrick Smith,M,32,0.585,0.935,-0.002,-0.004,nan
5f367bee-cf3e-4aad-a6e6-72cca04d97e2,Angie Walker,F,73,1.595,0.682,-0.006,nan,0.008
50c2125b-406c-41e7-aad6-5432c7cd8e1c,AJ Koller,M,65,1.991,0.669,-0.02,0.029,nan
35f81e87-382e-41cc-9bab-687116861954,Jace Morris,M,91,2.106,0.618,-0.003,0.012,nan
7319013d-d511-4aa5-a356-4aa2cccf94f5,Lea Jansen,F,154,2.757,0.535,-0.026,nan,0.035
1de884f8-7bf7-4b49-9de8-3f1fd74cabd6,Dylan Frazier,M,166,3.413,0.562,-0.026,0.043,nan
26b13d9f-ccab-497c-8e3a-68299be5ea70,Daniel Phillips,M,71,0.119,0.713,0.004,-0.005,nan
1374dfe9-4573-4ab6-991d-16bed0a6d25c,Edward Perez,M,70,0.706,0.666,0.02,-0.019,nan
c96f7a83-9cc1-4fbe-a610-126ed8e3a202,Gregory Dow,M,41,1.321,0.902,nan,0.007,nan
4af4d4d1-9f87-4dc7-95f2-b10751d44c15,Tama Shimabukuro,M,167,3.65,0.516,0.003,0.017,nan
7886d6aa-2310-4ae8-9874-f0fc9c3e534f,James Delgado,M,97,1.417,0.602,0.015,0.005,nan
461f063e-a587-4638-bad9-421ff33d91d7,Genie Erokhina,F,156,2.379,0.488,0.026,nan,-0.005
1bab49f1-6891-4d3e-8f77-42aa4fc1d18e,Mohaned Alhouni,M,133,2.892,0.509,0.012,0.003,nan
cfb42bdb-d0a0-4fc7-b1ea-a77c40aff2d2,Mota Alhouni,M,51,1.512,0.766,-0.007,0.014,nan
a0582749-fb23-42cc-98ed-1915464c4814,Luke Wasson,M,44,0.192,0.919,-0.0,-0.006,nan
a3ed7970-35d2-485c-8285-187c298a2d83,Lacy Schneemann,F,174,3.723,0.474,-0.005,nan,0.024
581183e8-3d9e-459e-b69f-7337d8b6f3d2,Andrei Daescu,M,269,4.735,0.487,0.029,-0.009,nan
cc8832b9-9a8f-4cbc-8eff-b20e9a7ff09a,Jaume Martinez Vich,M,127,3.164,0.57,-0.026,0.039,nan
be334c3f-ea1d-4761-99fa-fb9776180b3b,Cassy Deng,F,4,-1.659,1.852,-0.007,nan,-0.001
99cc5492-75ab-40b7-9aa0-c4f1e3d15be3,April Lommen,F,4,-2.406,1.796,-0.019,nan,-0.003
dee643dc-920a-42e7-9596-7052f08cd4e8,Jamie Voelker,F,18,1.091,1.214,0.02,nan,-0.013
06bf1d7a-349c-4252-8ee0-05cb65a4a6a0,Alexis Hayden,F,7,-1.362,1.611,-0.004,nan,-0.006
0d7764b9-3d03-4a04-a432-54982c8c1b5a,Frank Welsher Iii,M,18,0.455,1.348,-0.003,0.008,nan
292a5cd6-fa7c-45d2-83d9-99763342972c,Molly Griganavicius,F,8,-1.269,1.587,-0.009,nan,-0.004
8187d00f-7c10-4947-a218-1641c659356c,Sam Angelo,M,24,2.371,1.043,-0.001,0.02,nan
1d775d93-6cbb-4ed0-addc-244a46d15aae,Louise Kwong,F,15,-3.588,1.3,-0.003,nan,-0.013
92b20d3a-70c5-453e-8b2d-38c1c552b693,Edward Kim,M,27,-1.197,1.078,-0.019,0.013,nan
59618b60-e466-4dbf-ab27-2080ba8bef91,Tobias Golberg,M,17,-0.039,1.362,-0.006,0.002,nan
19399f8d-5931-4591-b7f6-407d1995c3a3,Olga Zavarotnaya,F,12,-2.679,1.45,-0.006,nan,-0.008
d1846d88-1942-49e0-8c87-a39ac34f6a81,Bridget Aguado,,3,0.035,1.886,-0.002,nan,nan
808532a2-ee3a-4407-a523-b656ca93aec5,Josiah A,M,8,-2.157,1.544,-0.007,-0.01,nan
74d03f10-f4b4-438c-bc5a-2a652f9c1602,Jacqueline Vitale,F,4,-2.062,1.861,-0.016,nan,0.004
e9b96752-ca0f-479c-a4be-01d0db777051,Matt Haugdahl,M,9,-0.253,1.462,-0.008,-0.007,nan
a87b7fe9-f316-4ea7-b054-2e813c786750,Stephanie Alliev,F,15,-0.353,1.312,-0.009,nan,0.003
6f4f9fe6-690a-4a18-9154-6d46b43f8bd4,Paul Salmela,M,2,-1.761,2.04,nan,-0.011,nan
df9dab1d-43e8-4369-8912-97c5da42684f,Jeremiah Norton,M,2,-1.816,2.015,nan,-0.008,nan
1607a4f2-2592-4745-ba49-21bbeb199151,Sydney Sonday,F,59,1.587,0.749,0.022,nan,-0.016
2a490031-a7b4-4833-8d61-b9970960d2dc,Monika Wynne,F,87,-0.605,0.661,-0.008,nan,0.003
f66ee093-a4d5-4d46-b849-266452b932fb,Kitri Boser,F,11,-0.805,1.434,0.004,nan,-0.008
2030bb81-feec-428a-85d9-c8188445ed00,Ariana Ajani,F,23,-0.998,1.136,-0.004,nan,-0.002
1634183c-5c14-410a-a6dd-30b634f27c1a,Jasper Schaadt,M,16,0.555,1.264,-0.009,0.009,nan
5bdaf230-63a7-41cb-8fcd-d774ec99d51e,Victoria Nguyen,F,29,-0.164,1.017,-0.005,nan,0.003
43a35ec2-3d7a-4c6f-b412-cac02d237a46,Vritti Sethi,F,57,1.344,0.845,0.004,nan,-0.0
bde1ffe8-4651-40ac-8e1b-24e850ff7586,Tommy Labat,M,16,0.69,1.402,0.0,-0.007,nan
f90019dd-1155-4fb0-96af-1ad5ef85184b,Volly Johnson,F,7,-1.344,1.703,0.0,nan,-0.008
66d6c944-63ff-400d-a729-da58b13dced2,Vova Zverkovsky,M,8,-0.338,1.705,-0.001,-0.002,nan
22489608-f458-46cb-bd96-edf62c5a8b1b,Elliot Schneider,M,6,0.509,1.661,0.011,-0.006,nan
c05ef886-c1d3-4b85-be8f-a880aea59da3,Jonah Karczmer,M,22,-2.597,1.129,-0.009,-0.006,nan
6e57eca5-b347-43e9-b01a-17a645b7a22c,Justin Vizconde-Sopanarat,M,10,-0.979,1.558,-0.012,0.002,nan
7c67d9c4-5f6f-44f0-9d2c-78538f32489b,Alison Brown,F,5,-1.49,1.746,-0.0,nan,0.0
4054baef-7621-4073-bba0-743fed79a147,Mia Purdun,F,5,-1.242,1.833,-0.008,nan,-0.002
9845918d-d095-4836-b3ff-e1291f1d02c7,Kathleen Pagel,F,4,0.75,1.89,nan,nan,0.008
345caa15-505e-4c27-9392-f213830b746e,Chrissie Cruz,F,16,0.981,1.311,0.014,nan,-0.009
90b27004-f6bd-4a12-9cfa-acde87301310,Joel Cassens,M,12,1.422,1.336,-0.004,0.012,nan
d50c8578-6b06-453d-99fa-7a910cc5e39e,Jordan Tacheny,M,5,-0.596,1.947,nan,-0.002,nan
110bc104-eec8-451a-bdd3-c78e9d6cad2a,Jamie Hafner Jr.,M,5,-0.576,1.995,nan,-0.002,nan
96bc3c83-0c9b-4a2d-9dcd-baf5af3153f3,Josiah Watje,M,4,-0.304,1.708,nan,0.0,nan
6382a284-3db4-4d37-ac8a-2234c250bc81,Amrik Donkena,M,5,0.297,2.015,nan,-0.001,nan
46ac090a-65d8-4ef5-a469-7bc7a80f0503,John Macauley,M,5,0.264,1.865,nan,-0.003,nan
c98ed755-e04d-4c24-8cd3-f15e2ea5e1b2,Steven Will,M,3,0.382,1.986,nan,0.003,nan
ce7e7707-c94e-4d33-b34a-37efe3363774,Eli Steiner,M,139,1.73,0.549,-0.022,0.03,nan
b3edcbe7-c081-406a-b28e-3cd34988d4dd,Simone Leonard,F,23,-0.582,1.127,-0.006,nan,0.002
e04005d5-30ae-44cd-9dae-8591e90b3ec6,David Dutrieuille,M,7,1.091,1.67,nan,0.006,nan
ea0b7d06-7e9f-4786-a4ed-24da5029559f,Dale Kim,M,65,2.2,0.817,0.012,-0.001,nan
b3f6f49d-bc24-44fd-8068-4e5971e9d61a,Daniel Miron,M,62,2.372,0.744,0.036,-0.023,nan
5aa6548d-c261-475b-a53d-6da4833cbb0f,Manik Tandon,M,3,-0.387,1.952,nan,-0.003,nan
97b24965-e11d-4b2b-9a5f-ea6da90859cf,Brian Anderson,M,3,-0.381,1.984,nan,0.006,nan
4b7eef97-d420-497c-9e63-b3c5ea49b05f,Chris Olson,,2,-1.399,1.988,-0.008,nan,nan
68221c09-f16a-46b4-91ac-5734bceaa08f,Tayven Phiravong,M,2,-1.539,1.983,nan,-0.001,nan
21324951-e104-4a93-b0a2-845cb837ef17,Jesse Fan,M,2,-1.604,2.097,nan,-0.01,nan
2cdfbe76-f54d-411f-8bf4-b2e2ba1fd439,Nisal Liyanage,M,4,-1.355,1.788,-0.003,-0.0,nan
3138ce06-22c5-459d-8e83-30ffd8856b35,Luke W,M,6,0.746,1.682,nan,0.008,nan
cc0b1ad5-6d6f-4c8b-b900-39f4ca45d152,Matt Bozoian,M,2,-0.429,1.858,nan,-0.008,nan
ea6de427-cf66-45c3-a52a-7b4959309226,Brock Rzesnowiecky,M,10,-1.404,1.456,nan,-0.011,nan
cd87ab18-2d77-4d34-b1ce-dfd6611d5d08,Sam Szymanski,M,2,-1.184,1.947,nan,-0.012,nan
42e4adb8-6fef-4278-8f1e-f76c012dc754,Matthew Krakowski,M,4,-0.124,1.886,nan,-0.002,nan
6ed6fa97-972d-42e9-9df0-305f3bf8b683,Tim Jarmusz,M,2,-1.292,2.104,nan,-0.007,nan
e10e03b1-d46f-4a8e-9c5c-1a418e511328,Khalijawan Barber,M,6,-0.735,1.791,-0.007,0.002,nan
135206c1-6886-4bef-9b26-20adf7dcda45,Christian Tanner,M,4,0.136,1.848,nan,0.005,nan
b3f48e8c-c552-4a9c-b200-42de913820ad,Brenden Everhart,M,23,-0.788,1.663,nan,-0.002,nan
7bdd399d-fcb1-404f-ba07-afbf4c47bb3a,Ajit Kurki,M,23,-0.788,1.645,nan,0.006,nan
15def97f-d414-4418-9c2c-7f94aca8bb22,Emir Hamzic,M,6,-0.921,1.69,nan,-0.005,nan
7afc02f4-1e87-45c2-a101-0d48ecc05f8d,Martin Stanchev,M,33,1.459,0.992,0.007,-0.001,nan
3cab1673-2522-4dd5-ba07-2a1b88749d86,Tristan Dussault,M,39,3.342,0.917,0.024,-0.012,nan
493d192e-3eff-4058-8f2f-fa84530b5a39,Easton Horricks,M,14,-0.699,1.349,nan,-0.003,nan
ac2bf5d1-3377-488f-be6e-014c89cb6cd1,Hannah Pardus,,4,-2.26,1.799,-0.007,nan,nan
7b109ebe-cc77-44ba-a24e-14422c42c1ed,Sergii Pogoretskyi,,2,-1.488,2.002,-0.012,nan,nan
84bc805f-1c7a-4151-8c50-f3236805edea,Aanik Lohani,M,12,1.139,1.292,0.011,-0.001,nan
1728d016-1f02-4789-be73-63d12d5a5b42,Parris Todd,F,202,5.173,0.508,-0.01,nan,0.047
1d701c30-6b5d-485f-ae97-60f3b0c50896,Zoey Weil,F,155,3.132,0.495,0.004,nan,0.013
ab6386c6-c7e3-422f-9134-e20e92725ee5,Emma Nelson,F,55,1.714,0.682,0.012,nan,0.006
8d4ab63d-f14c-4013-a97a-3789015b9bd8,Tatiana Ruhl,F,12,-1.283,1.436,-0.004,nan,0.003
55dbee1f-1ee7-464b-9c80-d14cd9e44b8d,Carlos Di Laura III,M,66,2.493,0.699,0.016,-0.004,nan
c2ab75e9-e132-4bcf-9f71-8c38f6183cab,Shamus Flanagan,M,10,-1.144,1.457,-0.028,0.02,nan
1d5698ad-f0a1-4ff7-8321-6c166069946e,Pally Ray,M,9,0.283,1.512,-0.01,0.01,nan
f13c20c3-1fed-4a9e-abec-f3f3bf1f8f91,Anne-Sophie Courteau,F,34,0.783,0.976,-0.001,nan,0.014
7c276bd3-e539-4c4d-99b0-0b221891eeb0,Jaiden Sam,F,2,-1.317,1.896,nan,nan,-0.007
2b265c0d-e9b3-473e-9585-3670707c044e,Anastasia Outekhine,F,5,-0.702,1.639,0.006,nan,-0.003
0bc24306-92b4-44e1-8b21-0aaf0c9ee4f7,Jasraj Sethi,M,9,-1.8,1.763,nan,-0.008,nan
d85f8ddb-3931-47dc-ba23-28113e20b633,Theo Yun,M,9,-1.773,1.753,nan,-0.01,nan
6770c5c5-e1a4-4d71-9d8c-532a04ca65cd,John Hopkins,M,13,-0.201,1.527,nan,-0.002,nan
051c6bbf-be07-499c-98ec-3ce9179ce4de,Spencer Duane,M,23,-1.265,1.232,-0.003,-0.006,nan
a4206588-8cb0-44cb-a526-5de7fabaf8c6,Pieter De Vries,M,18,0.912,1.33,-0.022,0.023,nan
ef7deb1d-5f94-4563-8d32-cf5555e1a71f,Sebastian Gutierrez,M,20,-0.517,1.249,-0.013,0.007,nan
66cb85be-fe8b-402d-a4f7-4a8e6a7c3ad7,Lucas Pascoe,M,61,0.922,0.76,0.033,-0.03,nan
26698393-0add-4cdf-bbb3-203b233ebdba,Armando Ferreira,M,8,-0.112,1.57,nan,-0.002,nan
8b96b5a9-1ed8-4bb8-956f-c46e8de9ab24,Mikar Larenzo Fisher,M,19,0.627,1.251,nan,-0.002,nan
f843b220-41cb-4203-831b-6aac32b8f02a,Riley Inn,M,70,2.033,0.817,-0.005,0.018,nan
9706bca7-440c-4aa9-9e3b-e370787d513a,Alexandre Medawar,M,5,0.542,1.879,nan,0.004,nan
49d53a66-df0a-4419-892e-0fe6c788391e,Wendy Weston,F,46,-1.818,0.842,0.01,nan,-0.016
68d3b279-8b2d-4055-8eb3-b28448c1f7d2,Katie Neils,F,32,-1.077,0.976,-0.019,nan,0.01
4545027e-5be5-4cf3-83c2-a410d325fa6f,Andre Vu,M,4,-1.399,1.714,nan,-0.003,nan
92071022-38fb-48da-bc30-102116fbbfaa,Bret Balka,M,2,-1.0,2.057,nan,-0.002,nan
d1030c9e-6c88-496f-a4bf-475c9b5b3685,Eric Gettler,M,2,-1.01,2.0,nan,-0.007,nan
a037d693-badc-473c-9f81-4043cd3f5ae7,Enrique Porchas,M,10,-1.019,1.601,nan,-0.005,nan
26898786-4fd1-4dd9-bc18-a5c515a6b0ef,Maverick Messinger,M,55,-0.084,0.883,0.002,-0.002,nan
c4113020-5ba5-4296-ac84-779346254ac1,Gregorie Vinueza-Daly,M,8,0.359,1.58,nan,0.001,nan
b108b86b-439e-4239-98fe-78c7fe827c05,Amory Yagar,M,4,-1.69,1.953,nan,-0.005,nan
f22d375d-5aa4-4825-afe7-eee0dcb6f437,Ruben Osorio,M,7,-0.92,1.689,0.007,-0.011,nan
249681a0-4734-4ca1-8147-8b1f537417cc,R Kedam,M,4,-2.931,1.674,nan,-0.015,nan
6f8c91a7-73ff-426d-b7ee-2f3ab52ecb1f,Antonio Medina,M,35,-0.504,0.972,-0.015,0.024,nan
3ce4aa7c-c96f-4a78-ab5c-051eb53a5fc3,Grayson Brandon,M,14,-0.796,1.416,nan,-0.0,nan
45596674-36ae-4768-b4ee-c7181d9b2ea7,Sammy Lee,M,32,0.887,0.962,-0.005,0.009,nan
5520bc45-676e-45a7-bf34-7d91529fdd63,Billy Buchhauser,M,45,-0.703,1.04,-0.019,0.015,nan
798294b4-02e6-4c16-b3f6-9337758ae915,Kendall Kikkawa,M,37,1.812,1.132,0.002,0.011,nan
4f8057f3-d8f6-417f-b29f-27d77c32da24,Vamsi Krishna Suddapalli,M,2,-1.469,2.011,nan,-0.008,nan
df85d9df-414b-41cd-96a4-9ceb737eafb2,Timothy Hughes,M,2,-1.468,1.972,nan,-0.005,nan
b66624a6-5643-4f2f-a32f-3398e6119085,Mara Vasvatekis,F,10,-1.184,1.369,-0.003,nan,-0.006
dca2c596-286d-4ef9-9ee7-1dfdea78a079,Ian Anderson,M,2,-1.298,1.951,nan,-0.006,nan
7008914d-bfe0-48f2-8472-989f1a82a1ca,Rian Weston-Dodds,M,4,-1.929,1.839,nan,-0.01,nan
ef3c46ef-52d4-4832-98ea-631f1abcf2f3,Timothy Aurelio,M,8,-0.668,1.721,0.001,-0.002,nan
b40f1add-dfc3-446d-9c65-b1ab7bec6194,Victor Camilo Iii,M,9,-0.743,1.584,0.005,-0.003,nan
19e04dba-937e-4129-a482-088765320f8a,Trevor Machek,M,18,-0.964,1.221,-0.008,0.004,nan
ac20d4e7-1371-4b70-9047-d6eb3af4fddc,Jaxon Thomas,M,13,-0.608,1.461,-0.003,0.005,nan
9532d3f8-9418-4b59-af95-3cc5e7c2a066,Kelly Chen,F,31,0.579,0.924,0.019,nan,-0.017
89d0497d-bd25-485e-a32c-872afa95b3d5,Mary Monson,F,27,0.151,1.027,-0.0,nan,0.007
fb9360bc-8a5e-4a54-a460-5a4d4541ac81,Marie Lutz,F,20,0.557,1.189,-0.012,nan,0.01
19a1f7fe-1d16-418a-be95-785266ff586e,Yolena Carlon,F,43,0.071,0.775,-0.007,nan,0.007
73820892-5991-4711-80c5-a2411025eb75,James Kaoma,M,14,1.258,1.428,0.02,-0.013,nan
87541b06-c5b5-40a6-8210-e1b1051ff90a,Nick Werner,M,6,-1.898,1.732,nan,-0.011,nan
de16fee2-9205-4559-9fe7-48b918184e8a,Ethan Dysert,M,7,0.566,1.689,nan,0.005,nan
d0bac3dd-65e3-4682-9928-7344468332a5,David Creswell,M,3,-0.577,1.99,nan,-0.002,nan
013ec48b-8d63-4849-840c-948862965f08,Jak Crow,M,3,-0.661,1.908,nan,-0.001,nan
63ea21b0-1684-41a6-b9a3-e66de72101bf,Matthew Melgar,M,5,-0.918,1.692,nan,-0.004,nan
44599572-39cc-41f6-b9c1-283a4c39649d,Nicole Kalhorn,F,5,-0.378,1.722,nan,nan,0.001
1427f8e1-2be2-4700-9662-39259e06567b,Sara Bochte,F,2,-1.974,1.957,nan,nan,-0.01
f845f99b-f1f0-4f50-bf57-c7541b5ddc49,Andrea McDaniel,F,2,-1.927,1.956,nan,nan,-0.014
0d95388f-4063-43ff-bd5e-bfee39700a34,Joe Prince,M,3,-1.571,1.777,nan,-0.011,nan
fdcf0567-0817-4a26-a427-31daa7b297e0,Karson Feyereisen,M,12,-1.086,1.399,nan,-0.008,nan
3418eaf5-4176-4ed6-ac5c-c45ea36e1f82,Ashlee Candelaria,F,19,0.355,1.27,nan,nan,-0.0
f6e249dc-5bb9-483a-a99f-df364df93341,Kelly Goodnow,F,105,1.371,0.619,-0.01,nan,0.009
7ce4430b-b9b6-450d-a77a-997cb8a16d34,Karina Lam,F,22,0.085,1.058,0.009,nan,-0.009
794634b2-7e1a-4928-ac82-a13fd3e984b2,Jessica Wilcox,F,6,-1.427,1.56,-0.008,nan,-0.001
b8339aa2-dc4f-47be-963e-6f6bf373562d,Devon Sikora,M,35,0.003,1.031,-0.007,-0.0,nan
cd71f5e4-529b-43e0-ae28-2c9127711ae2,Charles Case,M,9,0.298,1.577,-0.012,0.011,nan
ff97a8a3-f431-4313-9922-397231cf3407,Lily Goodwin,F,23,-2.531,1.203,-0.008,nan,-0.002
999eacf5-4e29-441b-9a12-d53c7e4795d1,Mila Bonfitto,,2,-1.501,1.874,-0.009,nan,nan
941ee654-0687-490d-b570-8e779ceff2ac,Florencia Rossi Luqur,,11,1.418,1.427,0.005,nan,nan
9b90fac4-19e9-4e99-a239-4caf8d3f8a48,Molly Ticknor,F,16,-1.505,1.243,0.004,nan,-0.008
ffdde38c-61fc-4079-8973-c5cf67a01fd0,Ethan Hall,M,15,0.084,1.323,0.007,-0.003,nan
eb988619-0a45-4ab2-a356-5a5659b44137,Nicholas Howell,M,7,-1.821,1.611,nan,-0.013,nan
541bae3b-cb07-4c73-8f7a-42a1e0d38cde,Sam Libo,M,17,-1.048,1.263,0.001,-0.001,nan
b62bbf31-a191-4912-a701-063b97ce356a,Varun Ganti,M,6,0.898,1.656,nan,-0.001,nan
6cea98b2-6f2a-4759-9e98-5f878e2e3bf4,Thomas Provost,M,12,-0.666,1.424,0.003,-0.002,nan
c58f8822-c9f6-4480-90f7-09ec5b810736,Mia Turcsany,F,24,-1.005,1.059,-0.007,nan,0.002
0a287886-b880-4c46-8c66-ea4d198a7eba,Pablo Copetti,M,4,-2.153,1.811,nan,-0.012,nan
5a5237bd-64cd-433c-99ba-34badaa2820c,Braylon Ohrel,M,31,0.266,1.046,-0.005,0.001,nan
14516bcf-5f07-4efd-b90a-09be553e3bfa,Emma Wang,F,18,-0.262,1.19,-0.005,nan,0.004
5fbe537f-2859-447d-95e7-229a124ef5e3,William Kammerait,M,9,-0.518,1.525,-0.002,-0.001,nan
2debba8d-e0c6-4fec-9ff2-dcb4732abe90,Chandra Kusuma,F,7,-1.53,1.526,-0.001,nan,-0.002
237778ff-378f-4f99-82cb-cc3bb7b5d02e,Caleb Herrick,M,11,0.717,1.423,0.004,0.007,nan
5fec9f72-90fa-4046-a8f3-7ce15ad62f01,David Creswell,M,4,1.125,1.759,nan,0.006,nan
b2039d85-3a1f-492c-ad0b-b532a7d89989,Alec Lamacchio,M,8,2.512,1.658,nan,0.011,nan
1dfa0d32-552b-4ca9-a029-7139363eb65d,Savanna Ullmann,,6,0.19,1.682,0.003,nan,nan
9dbb30ee-8672-45ee-aa28-8e83fdab6a98,Julie Axelrod,,2,-2.026,1.911,-0.009,nan,nan
83a74a31-1edf-4469-b1db-a0cc44834ad3,Garrett Peterson,M,12,-1.509,1.371,nan,-0.009,nan
c79ef5cd-2d17-4fbf-83a9-34d4aaaaebd8,Masa Grgan,F,35,0.46,0.973,-0.012,nan,0.02
2e858abd-e6cb-4a07-b6ea-fd6ca01556ae,Rachael James,F,43,2.251,1.013,-0.008,nan,0.01
71c8bad4-9344-41c3-b0bc-86675b6f38d9,Evie Kenna,F,29,1.048,1.122,-0.008,nan,0.025
97b1e68f-699b-47cb-a501-cd97f6a5edc7,Alex Rastorgouev,M,6,1.58,1.783,nan,0.009,nan
14c4c96f-0a49-4d07-b16d-f6cb782491f4,Kentaro Hamaguchi,M,41,1.029,0.898,0.003,-0.003,nan
2139d7a6-8dd1-4b15-b7e1-01e031c1268e,Eric Bunch,M,2,-0.932,1.955,nan,-0.008,nan
112f810f-f6f0-4362-9f48-1e571d7ea614,Bobby Howard,M,2,-0.863,1.952,nan,-0.009,nan
ac1fc21c-6b98-4576-939e-0cc3de0b2183,Grace Miller,,3,-0.202,1.774,0.001,nan,nan
666db10a-f8de-4310-a988-cb0005f38a30,Edgaras Zilys,M,20,1.262,1.193,0.008,0.001,nan
fc90f09b-f8a7-4c1f-922b-bbf3294cd736,Rougel Jon Lutz Aninon,M,7,0.717,1.773,nan,0.006,nan
e319e2cf-0fce-4c72-9197-f2674c7595b8,Zak Parks,M,13,1.898,1.517,nan,0.005,nan
dfc736c6-fefe-4666-bd5f-7b28467b408c,Bryan Rodriguez,M,2,-1.388,1.92,nan,-0.008,nan
470f08e0-a79c-4aa0-bcc2-c66b3dacbcdb,Elisha Turner,M,14,-3.018,1.301,-0.007,-0.007,nan
9c9c45e5-6fb8-4f4f-a85e-16cebb11972d,Andi Godwin,F,14,-2.85,1.249,-0.008,nan,-0.001
e6129a52-f99b-4c66-be30-8f96d7635250,Andrew Angulo,M,20,0.842,1.225,-0.019,0.025,nan
53eadec7-a6b1-4ce3-9825-d76affdc3f4f,Juan Varon,M,60,1.561,0.751,-0.017,0.026,nan
658d2f1c-5f7d-4baa-a6ca-d29d3fed6166,Wade Bryant,M,5,-1.094,1.799,nan,-0.008,nan
358376d4-f156-492c-b4c6-0bd3f5a69f86,Justin Dages,M,14,0.889,1.37,nan,0.004,nan
3a7e0d88-17bf-4606-bc70-1a4cf90f2b0b,Caden Salefsky,M,8,-0.534,1.645,nan,-0.003,nan
eb7c3159-99e3-41d6-988f-71443cda0a75,Austin White,M,37,-0.647,0.993,-0.026,0.015,nan
1072c348-fd0a-4303-9dc3-be20c9736074,Jessica Jones,F,6,-2.542,1.644,-0.0,nan,-0.006
8834a79d-a6ef-48ca-82dc-900db2a441a0,Jayce Landheer,M,8,-1.258,1.599,0.003,-0.014,nan
a4a34567-4734-41dc-895a-e37928f7647c,Grant Kayworth,M,5,-1.033,1.697,0.005,-0.006,nan
07b5b447-0df8-48b4-8457-c7945525dfdd,Emily Lewis,,3,0.475,1.863,0.002,nan,nan
ba2a2f06-613a-4ebc-88bf-c4694d31998b,Nicholas P,M,2,-1.26,1.925,nan,-0.005,nan
6ada9075-a25a-47aa-9da4-a405891d7fa6,Victor Marquez,M,3,-0.39,1.873,nan,-0.001,nan
ef691416-a6df-4b2f-aff3-267948fc1da6,Daniel Couzens,M,11,-0.332,1.414,0.002,-0.002,nan
9a49ee0b-ba15-419b-b99e-e29ba2782e67,Harrison Heysek,,2,-0.625,1.927,-0.004,nan,nan
cc423b58-820d-4df0-9923-3639d0945f15,Jennie Leon,,2,-0.716,1.965,-0.007,nan,nan
bcc72b93-5072-475b-a088-e8cffc39af23,Mason Durbin,M,3,-0.583,1.952,nan,-0.002,nan
64014d70-f073-4be6-8bf2-ae07ba9c0846,Ben Herrick,M,5,0.367,1.708,-0.002,0.0,nan
42b8527d-b84e-4f50-8e0b-5937664981e3,Sanil Jagtiani,M,40,3.108,1.259,-0.009,0.023,nan
2c2a2b82-9ec7-4046-97cb-3a199ed507af,Oscar Serra,M,52,3.677,1.147,0.0,0.02,nan
e02ba405-3969-4135-8be6-d320b09c4f3b,Salome Devidze,,4,1.286,1.687,0.005,nan,nan
46f2280d-18d7-4589-9157-c5e6492099cd,Polina Libo,F,9,-1.599,1.401,-0.019,nan,0.01
7ae4f842-ea7a-42e1-80ac-9ad235f10ed0,Lexi Jensen,F,21,-1.067,1.091,-0.002,nan,-0.001
94d781b5-fed8-4151-bfeb-e7475b1a2c8b,Rick Kurtz,M,4,-2.38,1.875,nan,-0.014,nan
ed688246-859e-4fcb-a02b-16623403b77c,Rikk Shimizu,M,10,-4.728,1.624,-0.008,-0.018,nan
b08631ba-76d5-4262-8d27-5b2350646c00,Tomoko Taniguchi,F,17,-0.7,1.345,0.002,nan,-0.007
ac8ceab0-87e0-4d34-8f30-ca2b5c01bbad,Keaten Kappes,M,25,0.215,1.197,0.0,-0.006,nan
3208bfbf-b83a-4200-96f2-34f88773dc5c,Christina Jordan,,4,-1.021,1.681,-0.006,nan,nan
5b21c3e6-8b08-4cb2-96cc-2f458526be7a,Elyssar Medawar,,2,-0.402,1.923,-0.003,nan,nan
f9b3749b-c34a-4c99-9cd0-437c26684412,Maya Roderick,,2,-1.45,1.891,-0.01,nan,nan
8a990576-fa1d-4878-8b39-62e5475de915,Alison Bruggeman,F,10,-0.233,1.605,0.0,nan,-0.003
01da4c59-d574-49a0-9582-db348523db00,Austin Bachman,M,10,0.056,1.517,0.005,0.003,nan
f684d481-25b9-4def-8af3-b7b2a8e507ce,Francis Chi,M,16,0.381,1.292,-0.005,0.001,nan
b8025ca9-3642-4240-be99-3fb712d13c7d,Robert Lees,M,2,-0.291,1.864,nan,-0.006,nan
6a00b494-cc3d-4cd5-9fbe-077bc6958972,Dennis Uspensky,,9,0.049,1.701,0.0,nan,nan
c5964640-5d39-4c95-b6a4-7a1faeda89a6,Amanda Rosati,,9,0.074,1.743,0.0,nan,nan
0a84556e-30f6-4500-8c95-a9ccbc51c7b1,Leah J,F,14,-0.295,1.333,-0.007,nan,0.006
141a5d80-7998-46e9-ac83-1019c415f2e6,Nick Petterson,M,8,-0.409,1.687,nan,-0.003,nan
28df3b18-505d-45b2-ad6d-c773c0dbd0b1,Breaden Brooks,M,18,0.03,1.314,-0.004,0.002,nan
7b9b0a62-05aa-4300-952c-37c29b09a845,Amelia J,,7,-0.987,1.735,-0.004,nan,nan
db9a79b4-d8bb-4b04-aa39-e996a29ca6d1,Aline Morales,F,5,0.683,1.756,nan,nan,-0.002
2b56b414-7c42-4609-8b2c-285506bef036,Jayda Maldonado,,12,1.881,1.356,0.018,nan,nan
8722e766-5899-4c75-bab6-7791157fa3ad,Connor Weeks,M,14,0.712,1.419,-0.001,0.008,nan
cc7f5811-dddc-4b1e-b460-7a87b0097314,Ciara Kelly,,2,-0.155,1.9,0.001,nan,nan
bbf16648-a08b-4864-ad42-80848523bf44,Chelsea Purcell,F,30,0.58,1.106,0.013,nan,-0.01
1ad19b48-ae39-44aa-b2a0-5a40a6b71420,Daniel Byun,M,39,0.909,0.935,-0.001,-0.002,nan
267b1bae-d054-4aaf-ba86-a5b19b5def0a,Matthew Fisher,M,4,0.246,1.896,nan,0.01,nan
833f8086-ee1e-4c9b-a3c5-446f3c7290a8,Dave Conley,M,13,-0.256,1.324,nan,-0.001,nan
8085a986-b03a-4c96-9d50-a42d3cba3934,Jacob Bolkowy,M,13,-0.178,1.485,-0.008,0.015,nan
107fd341-2c28-4ae5-b7a2-162706c2fcb9,E. Elenga Satuala,F,12,-0.757,1.555,-0.011,nan,0.007
c2e84efc-cf81-4094-8817-992807c6b060,Joshua Mackens,M,2,-1.125,2.019,nan,-0.006,nan
135937d9-d132-41c5-9cfd-d2b0112288b2,Daniel Traxler,M,69,1.446,0.778,0.004,0.01,nan
f864bdc0-c9c9-47d0-8510-bf53017dfc42,George Yang,M,2,-0.811,1.856,nan,-0.004,nan
6a2ef6ed-4fa7-4745-9e0d-76ca04c679b2,Kadin Metzner,M,2,-0.856,1.917,nan,-0.005,nan
81623427-b2f0-49f0-ab5e-57d470560981,Courtenay Leonard,F,28,-2.147,1.011,0.006,nan,-0.017
bd5d309b-dc33-4353-b8b9-cfe694389251,Marissa Lucero,F,2,-1.641,1.955,nan,nan,-0.009
c2c4dea9-5417-4cbc-a563-78380138b922,David Baca,M,5,-0.562,1.845,nan,-0.002,nan
21cff7c4-f7a7-4133-8b2b-02b424fd50b8,Joshua Cooperman,M,11,-2.295,1.442,0.001,-0.019,nan
06e87b30-1f70-46e6-a6a8-17a4086d609a,Kailas Shekar,M,49,2.858,0.991,nan,0.017,nan
bb20d284-a077-49bd-8409-a3452e3067f3,Kevin Caulfield,M,4,-0.464,1.784,nan,-0.003,nan
cc994f98-879e-4ef1-a4e6-bfe46cdaea7a,Chase Blocker,M,2,-1.248,1.902,nan,-0.002,nan
3270dc72-53b7-4d35-aa4c-7f8b7b6bf905,Matthew Barlow,M,40,2.964,0.818,-0.008,0.023,nan
30d7759b-93f0-467d-a07a-970ecfac06ba,Cameron Luhring,M,46,2.761,0.814,-0.006,0.02,nan
397b3fba-650e-465c-ae98-03422712e358,Riley Hanks,F,9,-0.457,1.587,-0.002,nan,-0.01
81e8c356-f397-4cab-868c-3953a32b2ee6,Mark Whipple,M,3,-0.844,2.011,nan,-0.002,nan
98915a37-fa53-445c-8c1c-974170c606d7,Ryan Eveloff,M,3,-0.949,1.919,nan,-0.001,nan
ad4f1c70-e1da-4f68-8ce6-811b1b282e21,Melissa Ferger,,2,0.371,1.901,0.004,nan,nan
7bf10f67-cf48-4d2d-96ea-4e7d2646d9a8,Ryan Smith,M,15,1.509,1.523,nan,0.006,nan
11124e87-7f5d-45fd-8282-728c39068a3c,Nick Black,M,20,2.504,1.506,nan,0.013,nan
de14b3af-3ee1-467a-864b-7af6467f64d4,Laura Madison,F,17,-1.125,1.282,-0.004,nan,0.002
22c95949-97a5-4e6a-8801-1364de32cace,Arsh Sharma,M,4,-0.408,1.779,nan,0.001,nan
8362b7b1-792b-4730-870e-495eea6d91f2,Russell K,M,6,-2.254,1.67,-0.004,0.002,nan
d4361af2-ab2c-40ad-9586-09727413df49,Luke G,M,3,-0.642,1.981,nan,-0.006,nan
d3e486f2-7c25-4bcf-b9dd-81c14f644f60,Etienne Blaszkewycz,M,47,3.053,0.884,-0.012,0.038,nan
2856d69d-887b-4e89-a5c9-975f581f84a0,Len Yang,M,89,2.7,0.614,-0.014,0.023,nan
219ce304-ebad-4c11-b043-f92ad6429d88,Ross Hopkins,M,7,-1.001,1.622,nan,-0.005,nan
02e4c38f-5537-42b7-8106-a0caa7473e4a,Ray Filardi,M,3,-0.147,1.882,nan,-0.001,nan
f5bae71b-3e1d-4a12-acf3-dc195f05b153,Kyle Morris,M,20,-0.159,1.25,0.01,-0.007,nan
777bb595-b49b-413d-a28a-72355a613f10,Jayson Harris,M,4,-1.497,1.791,nan,-0.006,nan
608756f6-bfc7-41b5-9cfd-5e69eacfe513,Victoria Dimuzio,F,37,0.807,0.826,0.004,nan,-0.0
3e6b668a-8d26-4424-9420-3ceb18486b65,Daria Walczak,F,55,2.956,0.697,-0.021,nan,0.031
ab53383d-abb2-4bcf-adea-398e6c6dd36a,Cleo Bond,F,23,-1.556,0.959,-0.009,nan,0.002
c5a54559-45bd-4816-9db0-9646a9926969,Jaxon Madsen,M,28,0.605,1.037,-0.001,0.003,nan
5046c75e-a79b-4902-8d4a-d92bd3c58e9b,Aryaan Bhatia,M,12,0.161,1.322,nan,0.001,nan
469e5fa1-ea76-4286-bdf8-ddd2d18aab5a,Emma Van Hee,F,6,-0.381,1.622,-0.007,nan,-0.002
799b7d84-a6cb-43e7-a30f-ca5cba0d9a83,Dylan Payne,M,5,-0.553,1.69,nan,-0.006,nan
62865128-f55c-4c57-a35e-30834e4439b8,Bassem Kheireddin,M,15,0.46,1.317,0.005,0.005,nan
86e1b9d3-15ea-4b76-b488-d3135e78aa7c,Wade Heerboth,M,26,1.58,1.131,0.001,0.001,nan
67374341-3f7d-4434-95fe-7b6e826e6ca4,Kevin Dong,M,20,-0.326,1.255,-0.005,0.004,nan
89935816-1180-4832-9ac2-2bd38cea311f,Gianni Mancini,M,3,0.07,1.931,nan,0.002,nan
b64c5126-0638-4c53-9ad7-cc90d41c2d85,Eshaan Mylavarapu,M,7,-0.939,1.625,-0.003,-0.002,nan
efbd783c-2455-4b45-aba9-aa6e9784e073,Landry Laywell,F,7,-1.502,1.691,-0.008,nan,-0.002
3dced9e3-5450-4b8f-b88c-2e197e20dc15,Ava Pisacrita,F,16,0.29,1.345,-0.012,nan,0.019
9068b689-e580-4d2f-ac56-8c57d54a7c11,Eli Trumeter,M,6,0.04,1.667,0.002,-0.006,nan
e636c13b-b176-44ff-bbc1-19d058c6dc81,Axel Morgan,M,7,0.573,1.583,0.008,0.002,nan
fd1796f3-f61b-437c-adeb-c26ec9df287c,Nikita Pradeep,F,10,0.06,1.55,0.0,nan,-0.012
0f7b86ab-bf9b-40ad-a3b2-3e73af1bc106,Patricia Martins,F,13,-0.807,1.412,-0.001,nan,-0.003
4237e6e9-1da9-4287-85ba-c33d2259841c,Manfred Jeske,M,16,0.121,1.379,-0.003,0.005,nan
030f3afe-5d7f-471e-af4d-b7abbe4cbb16,Rodrigo Yoshikata,M,8,-0.731,1.62,-0.0,0.008,nan
79652372-0b0e-4216-9cc5-a0f757f78cd6,AJ Brown,M,3,-0.329,1.978,nan,-0.008,nan
184b5fa9-d9b5-45da-954f-206b1f6c7696,Christian Borrero,M,3,-0.419,2.01,nan,-0.005,nan
eb74c432-c1c4-456e-b010-5e21966abd01,Fatyha Berjane,F,15,-1.369,1.314,-0.014,nan,0.004
e7a6bb2a-4d20-4c3a-908a-f83973658fee,Abla Mannarino,F,11,1.319,1.443,-0.007,nan,0.008
33008bc3-5853-43c0-88d6-1906e56263a2,Darinka Tiboldi,F,5,0.578,1.834,nan,nan,-0.001
a70be599-8b9f-405d-9e10-f501b0046e74,Shannon Pretorius,F,33,1.149,0.997,0.019,nan,-0.004
34049405-b415-4f3a-aade-5be0111ac7db,Bruno Faletto,M,63,4.203,0.754,-0.002,0.027,nan
7bedbda8-531c-4090-a44d-f8fd925b6986,Ahmad Soussi,M,4,0.397,1.88,nan,-0.002,nan
834a140a-bc69-4130-b24a-3e7e6e9f4780,Dixon Doege,M,4,0.391,1.842,nan,0.002,nan
a067b12b-b26b-4a30-aed8-0f707c52beaa,Mark Dancuart,M,55,3.555,0.835,0.001,0.013,nan
c84377c6-b0ca-42dd-bc1a-2fd3d3c4ef9f,Ryan Torresin,M,37,2.423,0.931,0.021,-0.007,nan
01b07975-0090-42e8-b9d3-513896e6cd31,Eduardo Garcia,M,8,0.088,1.829,nan,0.0,nan
2e802b92-f1ce-47bd-ac37-bc61337923fc,Amit Verma,M,8,-0.075,1.8,nan,0.004,nan
24807150-9de6-4d2b-9217-735ce7910a52,Hyunmin Park,M,2,-1.299,2.01,nan,-0.011,nan
913020b9-deef-499a-b12c-323b0fcb07eb,Stephen Sharman,M,2,-1.266,1.941,nan,-0.01,nan
790712df-aadd-46e3-8e04-29143bac56ce,Kayla Field,F,4,-1.437,1.743,-0.006,nan,0.001
b65efb9d-3466-4500-986d-ed13e9bb25f5,Elise Fortino,F,33,0.552,0.91,0.012,nan,-0.014
9684fa0b-ddad-4427-962f-ed7a309a21d4,Kasia Carr,F,17,-0.013,1.399,-0.006,nan,0.001
5445e6a0-6641-416d-82ab-181e10b60dc8,Katie O'Riley,F,11,-0.897,1.54,-0.002,nan,0.0
31482260-21a0-45c1-a8e5-ba5467027e20,Joel Pelletier,M,8,1.086,1.627,0.001,0.004,nan
7a94bfbc-ffb1-452a-916b-79b5f3882d64,Haddow Thul,M,4,0.893,1.794,nan,0.006,nan
c0e7d21b-6df9-4573-be2e-01e3fcbd4da3,Seth Goodman,M,4,-0.964,1.768,0.003,-0.005,nan
404f21c9-c9b0-43a3-993b-f2857b38a3aa,Ben Bailey,M,2,-0.825,1.963,nan,-0.001,nan
57a228a5-e841-4eb4-9d63-8f737a9df1d3,Ethan Miller,M,4,0.495,1.778,nan,0.002,nan
4677e4b8-8540-4d41-898a-417879e8ef31,Hudson Hall,M,10,0.449,1.413,-0.009,0.016,nan
72696117-bdb1-4e90-9131-e702b3ab2dff,Brenna Murray,F,9,0.038,1.426,-0.005,nan,0.0
583d0c94-0c65-4c29-bb74-0cea94aa5ea3,Kurt Lau,M,6,-1.957,1.82,nan,-0.012,nan
6ddc6413-ec78-4979-8a07-3e00630a9cb2,Blake Goodman,M,21,1.659,1.245,0.008,0.005,nan
49584147-f7e8-48c5-a789-8bc479a9251e,Emma Cook,F,25,-1.141,1.106,0.015,nan,-0.027
3fc70f61-f10c-4539-9b5a-82911efc966a,Ava Cavataio,F,63,2.192,0.737,0.006,nan,0.003
222bf2cd-da9b-4c4c-ab99-0fa77bec15c6,Jason Loyd,M,6,1.042,1.697,-0.008,0.01,nan
16e2bfc0-c047-47a9-851d-1cc79ad3f7b1,Chase Womack,M,8,1.344,1.593,nan,0.008,nan
093e132a-0458-472b-aaee-ee7e15d25e20,Chris Jammal,M,21,0.685,1.176,0.001,0.001,nan
2403ee64-b50f-4dd4-b0bf-94d8c18ab6bc,Kylie Imperial,F,14,0.837,1.328,0.015,nan,-0.009
c1a46ce0-a228-4959-bea7-c365b285551e,Brittany Yang,F,13,-0.215,1.344,0.003,nan,-0.001
af472932-bdca-4a6f-96f5-c8474817512e,Stephanie Vogt,F,23,0.256,1.066,0.005,nan,-0.009
d93f56ce-61cc-477d-a26c-17d04e53b2ff,Anna Lenhart,F,39,-0.144,0.904,-0.011,nan,0.008
6972f71f-2813-4c25-bdc3-dc41d80f9d91,Michael Burdakin,M,3,-1.253,1.879,nan,-0.011,nan
857cfd09-e91b-4282-9b4d-862264295094,Brent Werbeck,M,6,0.799,1.76,nan,0.004,nan
553bf8c3-919f-496a-b37b-7e34cf5bc1fd,Alex Gee,M,2,-1.317,1.932,nan,-0.01,nan
c012b271-5d26-48b1-8cd5-2cd04d1d204b,Matt Ngo,M,16,0.404,1.349,-0.006,0.01,nan
0142557a-6231-455b-8eee-daf5f67fc1ff,James Seagraves,M,11,0.033,1.446,0.001,0.0,nan
0513b1c7-d2f4-4800-92c6-07484b9fb344,Dylan Wilhelm,M,8,-0.909,1.512,nan,-0.006,nan
1caa5a84-225b-4ad4-8446-ea743c375e76,Hunter Merritt,M,10,-0.485,1.502,nan,-0.001,nan
39fd8a47-2424-49e4-b9bf-85d357c2521a,Gael Lomas,M,2,-0.222,1.949,nan,0.001,nan
0e58c8eb-91b0-48df-8554-1ccc35106ea9,JP Gorby,M,6,-1.876,1.724,-0.003,-0.007,nan
85a456db-344a-41bf-9c22-6e2e9c09ba98,Divin Sarthak,M,7,-1.89,1.638,-0.009,-0.003,nan
b877d08b-9f1a-4d08-8d72-bbc6d364613b,Don Alto,M,9,1.644,1.537,0.0,0.013,nan
2c115b6b-4c0a-4992-9912-ed00d7bf07fc,Sam Kim,M,11,0.336,1.427,-0.003,-0.002,nan
c844b814-8025-407b-becf-3c96ea4b19a6,Preston Gordon,M,36,1.049,0.966,0.01,-0.01,nan
78a3a6aa-7466-4741-9247-1d6636afcff9,Cheyenne Jones,F,5,-1.369,1.655,0.002,nan,-0.006
cafb14a4-6ed0-48d8-824f-d4c83de28bd1,Victoria Mikuta,F,4,0.164,1.833,nan,nan,0.008
10397234-6551-4a06-8bc6-aa50d6915731,Liam Duffin,M,47,2.223,0.926,-0.008,0.023,nan
bc0b2e56-fb22-4ab5-8173-07515462c78c,Arnav Duarah,M,16,0.589,1.307,0.008,-0.01,nan
58a22649-0e13-43fc-8657-d42af3ca2b0a,Veronica Villegas,F,2,-1.703,1.894,nan,nan,-0.013
c62b3d6a-a9ef-41fb-9018-42ee38e2acaa,Kathryne Yung,F,5,-1.212,1.701,0.002,nan,-0.012
10a358f8-1843-465a-8f3f-25fbd4613a8f,Ansley Drenner,F,2,-1.363,1.922,nan,nan,-0.015
a6f8a60c-ae91-4d26-a882-74a72643e5c9,Valentina Martin,F,4,-1.569,1.801,0.004,nan,-0.004
5aee68f3-baa1-42d9-9dd5-50dd0dec1d9e,Tiger Chowdhury,M,2,-1.499,1.964,nan,-0.006,nan
dcd029fb-2814-401b-a1cb-0c4269d9954b,Allie Reichert,F,50,2.702,0.922,0.003,nan,0.005
7a042b59-1053-4447-89ea-4de712246c97,Ben Davis,M,13,-0.218,1.454,0.012,-0.011,nan
52e042f4-517b-483d-a264-f2f3dfa3f940,Jimmy Terzian,M,6,-3.206,1.655,nan,-0.018,nan
a430f179-9c69-4f83-89bb-ad7d63c0423f,Cristobal Del Castillo,M,22,-0.725,1.273,-0.006,-0.002,nan
e21cb6e0-aabb-43b2-a112-c0a0a59081bf,Oliver Frank,M,11,1.201,1.396,nan,0.011,nan
7f8b8f44-9751-4739-8711-d505af4c6f25,Eric Landau,M,2,-0.774,2.003,nan,-0.002,nan
79fb4028-6b8f-4eea-9309-0fd9fdcd27dc,Jonathon Hart,M,4,-2.789,1.744,nan,-0.016,nan
5cd78362-2056-4c8b-a427-6705b4b2902b,Mats Dolese,M,4,-1.832,1.729,-0.012,-0.004,nan
ddce7855-2b2c-4746-8843-985e044e5f4d,Martina Wynia,F,2,-0.922,1.954,nan,nan,-0.011
1a9b48ed-470c-4ed9-89c7-acf7fe198826,Dominique Canale,F,5,-1.271,1.734,0.001,nan,-0.012
1b74883b-79db-4c0f-aad3-c4011286f053,Justin Guiltinan,M,13,-0.568,1.326,-0.008,0.001,nan
947400ca-b6da-4592-88db-76b79fc6e813,Carson Esraelian,M,2,-1.018,2.006,nan,-0.005,nan
6a803eb1-faea-4ddf-b951-645a22dc758b,Jordan Fenner,M,2,-0.843,1.979,nan,-0.007,nan
d4fd8e65-83dd-482c-ab21-086948a85e48,Carson Stovall,M,2,-0.938,1.944,nan,-0.003,nan
7a4471b4-3407-47cb-a0f6-8eb5bf74bab2,Austin Mireles,M,11,0.735,1.564,0.004,0.001,nan
91541d7a-5c6f-4b01-bb89-ed5479f676d6,Makiyah Cormick,M,8,-1.152,1.649,-0.008,-0.001,nan
3230ffcd-3a29-4d67-9c06-035e035af969,Trevor Horstmann,M,2,-0.404,2.08,nan,-0.005,nan
722347d4-487c-473f-aec0-f856533f520d,Brookes Jones,M,4,-0.794,1.848,-0.003,-0.006,nan
23becc4a-36a4-4854-884e-d2efa8998955,Ana Gordon,F,26,-1.674,1.186,-0.002,nan,-0.01
2cb697da-8f48-4208-95ff-7e419fbc0013,Rachael Fitzgerald,F,15,-1.085,1.292,-0.003,nan,0.001
8dd7bb87-1082-4114-809e-888ac57df014,Chase Mason,M,13,-1.53,1.399,-0.007,-0.003,nan
94d555fb-0678-4544-b959-ac56c3e04579,Lova Metor,M,16,1.123,1.299,-0.001,0.012,nan
0f2bcb8e-7a61-420c-ac30-b9626b8049a6,Caitlin Klaassen,F,19,0.479,1.168,0.008,nan,-0.004
482a2a18-5d10-4958-98a4-25da4fddc9a7,Lina Romero Alarcon,F,4,-2.436,1.732,-0.01,nan,-0.005
988e88e7-a3e0-4d04-8d2a-a26802cbbe8e,Rachel Janssen,F,22,0.473,1.102,-0.009,nan,0.014
793538d0-e160-4d88-bdf3-1397bac4143d,Kendall Hunt,F,8,-1.08,1.459,-0.008,nan,-0.004
518d2420-ef49-441e-b8a5-8f4d6e8d2b49,Astrid Torres,F,2,-2.072,1.982,-0.015,nan,nan
2158878b-6457-4309-954a-e20e5b350240,Princess Gbadamosi,,4,0.58,1.799,0.008,nan,nan
9bb232f6-5ff0-46d2-8496-ca1dacc89ca6,Emmaline Nichols,F,20,-2.76,1.195,-0.004,nan,-0.008
2b263831-6c1c-4189-8e0f-b7c6459cf415,Cassie Postma,,4,0.321,1.822,0.0,nan,nan
4e3bcf37-c264-475d-b956-7c3992d3d7fd,Brandon Nsekpong,,2,-1.426,1.891,-0.007,nan,nan
3556c981-b44c-4e20-8927-7a25d94c70da,Sarah Turk,,2,-1.628,1.932,-0.011,nan,nan
429ee1fc-6d71-4470-a4ee-280dfc6310b1,Ruben Herrera,,2,-1.539,2.039,-0.009,nan,nan
f1f890e9-0db2-497d-a732-a08a5d5283e8,Donald Johnson,,3,-1.745,1.929,-0.004,nan,nan
d99b1d3a-7d26-4dd1-a866-4be9d14d7789,Casey Smith,M,6,-1.507,1.668,nan,-0.012,nan
9eb2503a-b18e-42e2-986d-6c8ee07d0a36,Cade Pierson,F,17,-0.166,1.254,0.009,nan,-0.011
7e87d0e7-5996-4296-89f1-4217e5cee728,Dean Guyer,M,8,-0.304,1.59,-0.009,0.006,nan
fa3ae918-340e-4d2c-a368-271cc1b1a0ea,Zach Vond,M,2,-1.041,2.01,nan,-0.002,nan
b9aca45e-42c5-465c-957c-6a46c93c32fd,Mike Newman,M,2,-0.959,1.993,nan,-0.008,nan
bc39addd-6cbb-47df-a155-9167efa5bb9a,Huey Trinh,,6,-0.968,1.688,-0.005,nan,nan
b18e05f9-eb10-4b57-94b8-a66497868e05,Oliver Hu,M,9,0.132,1.829,nan,0.002,nan
496b08fd-f2f8-462c-b552-cbc16e19d12d,Dylan Flippin,M,9,0.164,1.815,nan,0.002,nan
34757087-a5ce-41f6-837c-0eff5827ea06,Shelley Wong,,2,-0.601,1.89,-0.007,nan,nan
f86f33bd-4898-4687-a8d7-b77dd157651c,Elijah Bertram,M,8,0.451,1.6,-0.007,0.0,nan
b1a77e6b-6663-4270-b2d3-250d9128a500,James Ngo,M,9,0.526,1.515,nan,0.002,nan
3b609732-aeb8-49ef-af26-4321e6e0d151,Bryanna Ojeda,F,22,2.253,1.181,0.02,nan,-0.011
cfb613d1-4c8b-46de-91bd-73f09bb0cdf1,Natasha Stoop,F,6,-0.657,1.57,0.008,nan,-0.009
8e7a29ce-455d-4987-a967-246f45757a7c,Naomi Tran,F,13,0.853,1.378,-0.013,nan,0.015
a0143dc5-489f-4e96-8357-f8960a3d43b6,Cagatay Soke,M,13,0.305,1.403,-0.017,0.014,nan
2e520a54-a71e-4c5b-9536-e5886840ed0c,Mike Anderson,M,7,2.672,1.519,nan,0.008,nan
0c557fe1-ed48-43e7-8942-9e0e32e2e427,Hilary Toole,F,13,-0.015,1.55,0.008,nan,-0.004
816bf275-fc7d-4756-8845-0359663809e4,David Perez,M,17,-1.927,1.412,0.011,-0.021,nan
1bbc9415-96dd-4751-9513-95274c5fc0f9,Nicole Eugenio,F,9,1.981,1.584,nan,nan,0.012
64e104e8-d388-4d03-9eb9-e3f836ef942c,Tia Elpusan,F,13,2.386,1.504,0.003,nan,0.008
f9ae639d-11c5-4336-8b09-71d0fb6f9d9b,Sienna Hitzeman,F,40,-0.318,0.975,-0.003,nan,0.001
6a0af14e-1ad0-4a24-bc9b-2c1a53b05d72,Lena Spence,F,14,0.699,1.329,-0.013,nan,0.013
8a2f290d-3526-429a-b733-1c83ceec845e,Zachary Champine,M,3,-0.87,1.92,nan,-0.003,nan
7cca42f0-691f-46aa-87dd-0803e1f42eb3,Stevan Quintanar,M,3,-0.877,1.917,nan,-0.002,nan
4a7604e0-0f45-4057-8da0-bbfd0a58df83,Cami Blake,F,7,-0.914,1.592,0.001,nan,-0.006
c70fa7ea-62ff-41f8-aded-a287b89e2b8f,Kyle McMakin,M,4,-0.478,1.849,nan,-0.007,nan
751da623-6397-4a61-9058-f7fa05759657,Ethan Dahl,M,4,-0.362,1.932,nan,-0.0,nan
964141f0-2f93-4294-a303-c41735341b46,Allie Davis,F,25,-1.086,1.045,-0.029,nan,0.015
18937216-cae1-4075-bda0-2fef0fc6c392,Ninh Nguyen,M,35,1.768,1.085,-0.008,0.013,nan
d7549a4c-a286-498a-87b8-ce9a705659cc,Nick Casey,M,3,-0.249,1.965,nan,-0.002,nan
651463a0-4739-4f0e-bbde-790d280c737c,Priyank Soni,M,5,-0.913,1.685,nan,-0.006,nan
b68c0204-d9d4-4cba-bf23-46706abd77bf,Clayton Powell,M,134,2.53,0.501,0.014,-0.001,nan
ea883123-d0eb-4df7-8da2-11b779312f61,Megan McCray,,4,-1.384,1.855,-0.007,nan,nan
76f35e3f-976d-423f-b144-a5957081a847,Rocky Guido,M,2,-0.636,2.034,nan,-0.006,nan
348255bf-f94e-47cb-ab5d-95969c2bd7b9,Aiko Yoshitomi,F,36,-0.375,0.87,0.001,nan,-0.001
f0484f0e-f240-4b6f-9da5-b6dba3fa370e,Kenta Miyoshi,M,38,1.626,1.002,0.004,0.005,nan
fe1a9f36-62eb-4ce2-b068-cb754c00051e,Nicola Schoeman,,6,1.597,1.574,0.004,nan,nan
698c5236-e88f-411c-b44f-e54f16b2d6b5,George Wall,M,37,3.399,0.999,0.011,0.011,nan
a9782e86-e5ae-46d3-9194-ac89fdaed622,Alexander Crum,M,21,-0.032,1.092,-0.018,0.02,nan
3343b266-cf5f-4212-9fff-dab2f8872ddd,Dillon Segur,M,3,-1.553,1.892,nan,-0.009,nan
1b01b905-c937-4da4-9012-66e66764bdab,Joey Campagna,M,11,0.387,1.596,-0.003,0.008,nan
228fdfb8-c8e8-478a-a5a5-6b9d3cf08ad1,Alexander Grubbs,M,14,1.464,1.542,0.002,0.012,nan
d4b4527f-c92a-40d3-8e2a-d2a1af36ba7e,Jorge Nunez,M,8,-0.567,1.635,-0.007,0.008,nan
7864fbf6-245b-40e7-af07-0fb16958c3c1,Kamden Bradstreet,M,8,1.41,1.517,0.001,0.008,nan
a65a8877-2c30-4964-8b0c-52e92ecfab5c,Sophie Abrams,F,15,1.749,1.445,-0.001,nan,0.008
c2a34b34-0ed2-4d7d-8ec9-3b0cd3d9233b,Randy Blanco,M,15,4.83,1.225,0.045,-0.025,nan
c18102fc-52d5-4d42-bd1c-303ce00ae085,Scott McRee,M,18,0.265,1.197,-0.001,-0.0,nan
15dd4ccc-bcfd-4725-9819-d042062a74b2,Jason Parker,M,2,-1.704,1.956,nan,-0.009,nan
5c4a8848-8e77-4893-9c90-9aa188561e1d,Boris Paque,M,4,0.318,1.665,nan,0.001,nan
67a8852b-b49d-4cb0-8ff0-1f4ddf644485,Amanda Hendry,F,20,1.019,1.185,-0.002,nan,0.007
ca3c21b0-a715-40fd-bf00-c81e22d7da11,Daniel De la Rosa,M,15,3.412,1.189,-0.015,0.035,nan
b53b7feb-43fb-4398-baa1-28211fa7aaaf,Lucas Cancelier,M,5,0.763,1.712,nan,0.006,nan
69ad3a91-2e28-476e-8a4f-26b7598f0c7a,Jack Maline,M,6,-0.935,1.811,nan,-0.004,nan
c703437a-4054-4513-9e5b-50de868443f7,Brian Johnson,M,6,-0.886,1.778,nan,-0.001,nan
3c18696b-02c1-43a4-87b3-b0849a37f8e8,David Angel Rosales Jr.,M,2,-0.666,2.045,nan,-0.003,nan
9927361d-d0c9-4fdb-8f08-952d1c356eec,Carlos Zambrano,M,4,-1.929,1.82,-0.003,-0.005,nan
337c76f4-2e83-4a59-b66b-7dc2e0555ce2,Cassidy Hoag,F,13,1.77,1.463,0.004,nan,0.011
4212e979-7692-4231-8934-d6a7042aa217,Lauren Hidalgo-Smith,F,2,-0.689,1.817,nan,nan,-0.001
5d445822-1b4a-4db2-aafc-c12cbeadf0a8,Samuel Wells,M,12,0.32,1.508,nan,0.001,nan
6af71579-421d-423b-a3f5-67c3cb460ecf,Jamie Carmichael,M,2,-0.135,1.931,nan,-0.001,nan
1676f986-1e57-4e92-9ed4-5e10656c5164,Jonas Daehler,M,2,-0.105,2.074,nan,-0.005,nan
0c3263ce-a370-475e-8cd7-32414ea409dd,Ben Cawston,M,11,0.887,1.359,-0.007,0.014,nan
3f35c92f-854a-4e9f-ac63-d51833f4cc94,Django Chassang,M,6,-0.94,1.85,nan,-0.006,nan
9aab6e05-9b40-46b1-b520-c8d34bec1624,Kalen Harbaugh,M,6,-0.849,1.859,nan,-0.004,nan
8dc3bdb2-da18-42be-b105-3a9461014456,Frankee Hendricks,F,2,-1.013,2.018,nan,nan,-0.004
57f13831-92dc-4e96-b8c2-df04903a70c5,Kelsey Roundtree,F,2,-1.06,1.892,nan,nan,-0.007
905c5c11-7693-4a02-b2c0-e305f768e664,Patricio Pereyra,M,9,2.179,1.64,nan,0.01,nan
158f965e-0732-4358-8f9c-ae78a48bdbdb,Arielle Butler,F,23,0.662,1.075,0.004,nan,0.002
b1254256-f3ac-46db-b28c-4dd0c6955ea0,Eileen Wang,F,27,0.841,1.115,-0.009,nan,0.006
85dab017-4a91-4fdf-aded-f7e6d229e62d,Victoria Shinkaretzky,F,8,-0.321,1.474,0.003,nan,0.001
399fe2bc-d7f3-4e31-a194-0ac3dcbf0894,Kamyla Held,F,8,-1.847,1.456,-0.008,nan,-0.004
b3bd26ec-b452-43d5-af3b-775b028a2a8c,Natalia Sanchez,F,2,-1.251,1.946,nan,nan,-0.005
815cb80f-54d2-43ee-a194-8d6c0e13d0bb,Claudia Flores,F,5,-0.974,1.627,-0.001,nan,-0.007
191cdd75-de29-4a9f-ae03-28159a973f6e,Javon Turcsany,M,2,1.206,1.9,nan,0.006,nan
9bce3fcf-8e63-4ed7-b4a5-00e0063a618f,Ariana Rodriguez,F,8,-0.377,1.462,-0.002,nan,0.003
910196c3-1d57-456f-b407-bc550a2edec6,Ryan Gilbert,M,5,-1.086,1.745,-0.0,-0.002,nan
79b8c85f-caaa-44ae-b5f1-8a1063daeafb,Luis Rojas,M,2,-0.265,1.879,nan,0.0,nan
336f3c17-4fbf-4d27-a66e-e2631f1729c8,Sofia Manzanares,F,3,0.086,1.925,nan,nan,0.008
74f171d1-274f-400a-b8be-1ba90b65b100,Stephanie Mazurek,F,3,0.239,1.925,nan,nan,0.002
ac7b6b6b-6541-43b6-8576-25d659c8787d,Nolan Smyth,M,2,-0.334,2.048,nan,0.005,nan
d1cae50a-fc6e-4fcd-a968-e26048c36c67,Xavier Richard,M,2,-0.307,2.03,nan,0.001,nan
ed442573-8e8a-45cc-9106-0a539c890203,Kristin Kennedy,F,2,-0.978,1.918,nan,nan,-0.006
6366c385-20d9-4b66-b8b6-53e4fad95856,Patrick Smith,,2,-1.005,1.933,-0.007,nan,nan
b9a0d9d1-5e92-41ad-8466-1b87d98f644b,Forest Dennis,,2,-0.888,1.866,-0.004,nan,nan
c22f26ba-c999-4743-8fa1-03028ba40514,Francesca Randazzo,,2,-0.865,1.905,-0.0,nan,nan
3bf240a7-1bfe-4d69-aab5-e610db80e818,Nadia Echeverria,,2,-1.003,1.931,-0.007,nan,nan
d0f63c78-f753-45d9-a510-1b05298ea680,Erik Forsythe,M,15,0.294,1.274,0.017,-0.012,nan
77fcf933-5b26-4c06-b488-d55e06d4be82,Iryna Kostirko,,2,-0.988,1.94,-0.001,nan,nan
9a5d2522-e95a-4e90-9241-c073d7ab0b38,Maiz Sinclair,,2,-0.953,2.114,-0.004,nan,nan
350e7e44-a552-4501-8def-f35156aa526b,Jemi Aguilar,,2,-1.34,2.026,-0.005,nan,nan
b250b70a-6e41-48e1-aa6f-4b07d606bfb5,Patara Tezduyar,F,8,-0.632,1.486,-0.001,nan,-0.0
7046d4f1-32da-43f0-956b-93efc3f1f457,Lucas Erlikh,,4,-2.481,1.73,-0.013,nan,nan
cf3075f9-4fa3-4325-84dd-fc2787bfa574,Chris Cooprider,M,5,1.312,1.839,nan,0.007,nan
ca3a3394-b5c4-4c95-9d31-910d4ce5bc9c,Brandon Fritze,M,16,1.244,1.34,0.009,-0.008,nan
f255f5d1-192a-4b5f-98a6-c1bec5cf9a1b,Loc Lam,M,4,-1.24,1.742,-0.003,-0.004,nan
37a880e9-c698-4595-b15b-92cc32d90ad1,Gabriel Zimeri,M,5,1.129,1.735,nan,0.011,nan
8dcd35db-1f9b-4c34-9621-989fde11d2d6,Louis Theriault,M,2,-0.838,1.921,nan,-0.001,nan
5fc11785-edc1-4fca-a4eb-d71cc0d36483,Patrik Kevin Tsati-Onla,M,14,-1.02,1.436,nan,-0.004,nan
561f2854-4d27-4e14-82b4-3cb38c57f060,David Miller,M,2,-1.508,1.855,nan,-0.009,nan
1d725f7e-d73b-4a82-84f4-3256a2191616,Grace Crosby,F,4,-1.67,1.788,-0.009,nan,-0.003
7fe3ecb1-b0d2-4aae-8460-672696ea8963,Neha Khurana,F,2,-0.544,1.985,nan,nan,-0.007
4165120a-504f-4fd6-a5d9-07b1f1fd168d,Ellie Douglas,,5,0.989,1.769,0.006,nan,nan
f8917832-134f-4323-a2f2-ac19251c6e01,Sarah Williams,F,16,2.104,1.347,0.015,nan,0.001
a5c1a975-fb31-440c-bf22-02057c0e8ced,Kyle Rowe,M,4,-0.139,1.829,nan,-0.003,nan
a92239e2-429d-4a0a-85b7-58cac29488ee,Jordan Chrysostom,M,7,-0.224,1.638,nan,-0.004,nan
d8610fd6-1ab3-409a-bea3-d7f7b87d7ee0,Shea Donahue,F,7,-1.294,1.621,-0.005,nan,0.004
15fdedc7-102a-44aa-a4fb-76c8350d1a4c,Ryder Brown,M,5,-2.277,1.807,-0.005,-0.008,nan
d4282d0a-38eb-4a98-ab48-fa4dbf623fb9,Grant Johnson,,2,-1.807,2.046,-0.009,nan,nan
bfa766c2-ac04-4dfc-a9f8-4dc1cb0d1cf9,London Leon,,2,-1.689,1.992,-0.011,nan,nan
7a8c963b-9ded-47fb-aea4-cf0332ff1e39,Savannah K,,2,-0.526,1.836,-0.004,nan,nan
1155f023-0489-4ad0-a2cc-83551adc9c02,Joseph Evans,M,6,-2.25,1.659,-0.005,-0.007,nan
6afbabed-1c1e-4f3d-b8fc-bd0e36fa5e97,Frances Altick,F,5,-0.679,1.631,-0.002,nan,-0.002
420727ea-c560-4737-b9c0-5e44bdd36c88,Marie-Claude Boisvert-Bégin,F,2,-0.189,1.935,nan,nan,0.004
74583686-4b90-4a0a-a6c1-2247704076de,Kinshuk Sharma,M,2,-1.359,2.054,nan,-0.01,nan
caaec1c1-b69c-40a2-96ac-16ee09288df7,Christopher Depetro,M,6,-2.558,1.672,nan,-0.013,nan
aa574d4b-9fd1-4807-8baa-44d3772a3288,Petra Jones,,2,-2.03,2.039,-0.01,nan,nan
fc96d4dc-1100-45d0-ad71-1bc155866a3a,Joshua Gallardo,,2,-1.956,2.02,-0.012,nan,nan
f13e0c0b-2355-4897-aadf-3ac220a78afa,Ryan Camras,M,38,0.743,0.995,-0.007,0.018,nan
220e3821-0cac-4fce-a722-a079a5359262,Casey Garretson,M,22,0.293,1.216,-0.012,0.011,nan
f214c924-5bf1-4a84-9305-7bed3248edc7,Mario Jurisic,M,8,-0.694,1.629,nan,-0.004,nan
d18e296d-d264-49bd-8702-3c0d6c91b9eb,James Crosby,M,2,-1.411,1.997,nan,-0.006,nan
8b0edcc3-07b2-43a6-96fc-c652f5d25344,Robert Brown,M,2,-1.54,2.008,nan,-0.01,nan
843c9b79-fadb-47a9-84ef-b91eadf21c55,Mark Moore,M,2,-1.47,1.976,nan,-0.012,nan
92ef599b-ab92-4b22-b8c4-7d02260b79f6,John Davenport,M,2,-1.111,2.029,nan,-0.007,nan
661cf320-6ca7-48d5-8b88-752d4bc6ea68,Alexandra Valenstein,F,11,0.995,1.331,-0.001,nan,0.006
9b5db00a-b0b7-46a5-815d-56878e28326c,Nok Yiu Tang,F,31,1.224,1.385,0.001,nan,0.007
11ed643d-b6df-4198-a0b1-bee4fb905625,Mihae Kwon,F,42,1.757,1.277,0.001,nan,0.008
ad45f02d-1352-4922-8228-76179833d104,Colin Wong,M,28,-0.104,1.356,0.002,-0.003,nan
ce10eeaa-0854-4c37-ab63-73f16bed85bc,Syed Uzair Sufi,M,39,0.375,1.296,0.003,-0.001,nan
100936b6-8837-453b-8c21-db945fb6b049,Ngo Dang Jr,M,25,-0.264,1.361,-0.001,-0.0,nan
df376023-f37c-4348-8c08-ccc1473153b1,Julian Chow,M,32,1.217,1.387,0.01,-0.001,nan
5bb5f19d-78c9-48b5-bae8-f53f9e5ddc59,Johnny Borashan,M,5,0.044,1.76,nan,0.005,nan
27ec8d58-6907-42a3-b994-fc0b3c304fe3,Alec Weller,M,8,0.765,1.6,nan,-0.002,nan
c3fd6778-e3cc-473a-84aa-f14742e300e7,Logan Schneider,M,8,-0.717,1.704,nan,-0.009,nan
c8f1731e-d35a-4d9c-9962-d9eacd49a75a,Brandon Riddle,M,4,-1.532,1.745,nan,-0.004,nan
4de68830-5966-4b09-abbd-91bed22df13d,Cade Edwards,M,14,0.271,1.224,-0.011,0.008,nan
4f142e8d-9a57-41cb-a89b-5b4c3af752fa,Ella Boydston,F,51,3.067,0.833,0.002,nan,0.013
a75ea524-6c16-40c4-9811-86408504c429,Payton Weber,M,14,0.324,1.318,0.004,0.001,nan
0343accd-6e43-4a1b-9afb-c9aaaf2f2e68,Benson Parry,M,14,-0.046,1.299,0.001,0.003,nan
f809c1c0-fbca-4d67-9c59-23b02cbf0128,Anni Xie,F,29,-1.004,1.35,0.003,nan,-0.003
3db656f3-c449-46a3-8841-a994cee1fc6c,Edward Gardner,M,4,-1.977,1.763,-0.007,-0.007,nan
737c0dea-55a6-4dff-84b3-f3ed07a9ccf3,Melissa Lein,,2,-1.018,1.964,-0.004,nan,nan
25e61ef1-a9a2-4d05-8e75-4f0dd1bb0a2a,Lizzie McFarland,F,14,-1.0,1.395,-0.004,nan,0.001
dc7f99c2-458b-4fa9-b670-02dcc5a61d40,Foster Johnson,M,11,-1.768,1.558,0.0,-0.008,nan
653168a3-7353-4085-a8d7-9108c13ce119,Anthony Skalabrin,M,2,-1.116,2.014,nan,-0.01,nan
6301309a-ee41-441f-8382-00d54cb077a5,Gavin Fowler,M,6,-1.523,1.671,nan,-0.01,nan
ad637985-0ff4-4c1b-93a6-6aa0d8992a39,Garrett Whitehead,M,28,2.369,1.104,-0.004,0.013,nan
8f6ef13f-89b6-460e-8583-c7e0bee9047a,Mario Barrientos,M,5,0.218,1.73,nan,0.006,nan
d3c18ab2-988a-45cf-8d35-8521d021db6d,Shraman Prasanth,M,2,-1.238,1.975,nan,-0.003,nan
22f29e1b-2ba0-4ef1-840c-de2ba4b37139,Parker Eggli,M,3,-1.578,2.056,nan,-0.008,nan
b0f3ebeb-9266-4c1d-a9c9-4df7be38e048,Preston Ducrest,M,7,-0.469,1.676,nan,-0.002,nan
a9dea662-39ae-41d4-9467-51279877f1f1,Shayden Hinton,M,5,0.149,1.793,nan,-0.001,nan
7c564f89-1c58-4597-b689-e37bd0ecd511,John Thorn,,3,-0.603,1.863,-0.0,nan,nan
6ecac506-64e3-44ea-b82f-689fad6865e0,Tya Karina,F,36,0.677,1.347,0.012,nan,-0.007
48c47bfe-7ee6-44da-996f-f69b56c8f912,Nathan Reeve,M,9,-1.093,1.658,-0.008,-0.001,nan
33d699a2-a67e-4809-a9d2-3ba243a57081,Tyler Miller,M,7,-0.053,1.771,nan,0.002,nan
411014ad-3557-45ec-9fe9-6d54319665d7,Natalie Hansen,,2,-0.181,1.951,0.003,nan,nan
6ead7ca5-9dfc-44ce-8ec9-4847068de49b,Rachel Grecco,,2,-1.624,1.988,-0.007,nan,nan
51e9dc35-e543-4222-ad12-69697397a975,Beau Covell,M,4,-1.972,1.791,nan,-0.013,nan
90222477-cbd9-4c46-9a40-2fe09ff43427,Brady Madrid,M,5,-0.589,1.728,nan,0.003,nan
a63bfef8-a400-4137-bc95-0bd11ecf64db,Dylan Ciampini,F,9,0.445,1.497,-0.004,nan,0.007
36edc3ff-70f9-49ba-8569-8f7a03559cfc,Brinley Horton,F,2,-0.117,1.876,nan,nan,-0.0
ff8b1213-7fc1-4777-b14b-3630be544034,David Sigler,M,3,-0.452,1.901,nan,-0.0,nan
493dbda3-57bd-42ed-b689-f1dbf26ced7a,Alexander Qi,M,12,2.276,1.458,nan,0.013,nan
7e657393-16e5-4dd0-b230-47ffe15b6581,Gerald Ferrer,M,5,0.561,1.771,nan,-0.001,nan
343b9c6b-dc79-4290-b143-5a20012fe646,Austin Ciampini,M,6,-1.053,1.64,nan,-0.008,nan
e3aad437-ffc5-4273-86a7-5e4c22621750,Jared Brungard,M,9,-0.504,1.508,-0.004,-0.005,nan
c54e02d1-2d89-4c03-8918-0cf76f7068e4,Evan T,M,5,-0.703,1.868,nan,-0.002,nan
7d4e35ed-83cd-4872-81da-6a78d5a7a4d4,Bryson Alexander,M,8,-0.355,1.686,0.006,0.001,nan
b89b9a41-402a-4b8f-a876-83fb95bbbfd4,Nina Rhoades,F,9,-0.595,1.488,-0.007,nan,0.002
ba92032a-e5d5-4ec7-9417-a0b6878f3ccc,Adam Cheney,M,2,-2.082,1.899,nan,-0.009,nan
93a85a33-42b0-46a1-a64c-268ec9098b2c,Dawson Davis,M,17,-1.078,1.281,0.011,-0.009,nan
a000a067-1bf1-442f-a961-e6c97cb50006,Nicolas Acevedo,M,110,4.288,0.555,0.015,0.014,nan
b2188c16-8955-451d-8b6a-945a8907528f,Tom Evans,,2,-1.232,1.902,-0.01,nan,nan
f483a4bf-83ff-4e34-8629-72eed44e2662,Jeffrey Moulton,M,9,-0.073,1.527,nan,0.002,nan
c114e41a-9038-439d-b968-bade4cc02fb6,Max Carrol,M,7,0.193,1.614,nan,0.002,nan
735c44a9-d1dd-4f9a-b3df-1964a05cb704,Brooke Cersosimo,F,6,-1.524,1.79,nan,nan,-0.01
d56b293a-fd22-4140-a77d-a851c12af4f4,Teresa Chow,F,6,-1.64,1.851,nan,nan,-0.01
f5d524c5-66e7-4ac6-8ab0-c6627dbc2f73,Christie Mead,F,14,-2.417,1.256,-0.003,nan,-0.011
668c5765-ca64-456a-8677-ec34e987e913,Lesa Ritchie,F,6,-0.663,1.558,-0.008,nan,0.003
4bf13186-34a0-4af6-a15e-4a00a3466b1e,Kory Tran,M,4,2.015,1.972,nan,0.013,nan
da18d74c-4ea3-4eba-b137-7b43192b8e5a,Nicholas Garza,M,7,-0.623,1.622,-0.014,0.009,nan
c7a59fca-b819-4984-8a64-e59cab9cbd57,Nathaniel Webb,M,2,-1.25,1.946,nan,-0.007,nan
4f91b214-a32b-4bce-ba22-0ec6b7021444,Deanna Pham,F,17,-2.468,1.205,-0.006,nan,-0.009
279e884e-f905-44cd-b820-6c873b68debc,Frida Mudsam,F,11,-0.772,1.371,0.001,nan,-0.0
1a84e636-31cd-4225-bd51-860dcdfd58ba,Eileen Tran,F,4,0.494,1.723,0.001,nan,-0.003
5c817399-aea7-481d-9a83-aab7431eabc1,Alex Emery,M,25,2.58,1.332,nan,0.013,nan
e41881d8-b1e1-465d-afcf-a58602cd92bd,Aidan Schenk,M,28,2.962,1.155,0.011,0.007,nan
ced79bd0-0267-494a-be87-251d92272d2e,Nathan Tsai,M,7,-0.26,1.567,nan,-0.003,nan
53955191-e756-453e-bf46-162afae7d905,Danica Wolf,F,2,-0.483,1.846,nan,nan,0.001
143d66c6-60e0-4a09-85a6-daaee007450a,Jessica Improta,F,4,-0.414,1.792,-0.0,nan,-0.008
07d2038a-4cec-414e-ac3f-0869c6e38390,Adam Charbit,M,6,-1.387,1.791,nan,-0.005,nan
d092303b-f30e-4da9-8ff6-9ccc7b500e71,Teano Balducci,M,6,-1.415,1.838,nan,-0.008,nan
2d70078a-161b-4641-a9d9-167101c87c61,Mayu Omori,F,15,-1.083,1.235,-0.006,nan,-0.006
42c61e46-e392-4024-a29e-ce3451c90694,Auburn Smith,F,4,-1.08,1.796,-0.005,nan,0.001
aad127cb-f0a0-4b72-95bf-0a64105d41c3,Hannah Shin,F,7,-1.024,1.703,0.001,nan,-0.006
a226291c-c48b-408b-a846-f45400d313a9,Alexa Schull,F,60,2.617,0.721,0.063,nan,-0.041
a72d06d6-40ae-4f46-9a46-c60e2fecd58d,Aaron Sandoval,M,5,0.002,1.917,nan,-0.003,nan
8c028a1f-b148-4b28-887c-f78f2126a60e,Stavro Sophocleous,M,5,-0.066,1.889,nan,0.003,nan
7b39a271-e846-4a84-acbf-9f0bb0de67fe,William Dau,M,2,-0.524,1.929,nan,0.003,nan
ece1da5c-10cc-41a6-bc48-66d82a4ea10c,Prycen Haas,M,5,0.2,1.746,nan,-0.0,nan
2decd5af-eb99-46ba-8c96-19869e62ec6f,Siddharth Kusuma,M,2,-1.124,2.004,nan,-0.005,nan
54e10359-2a8b-4d52-ad41-0212572c723f,Aurelien Godderis,M,2,-2.043,1.971,nan,-0.008,nan
330b8269-91fd-4a1f-ae38-9df3c2eb184c,Tony Fachaux,M,4,-2.476,1.841,nan,-0.012,nan
3d8ed1e0-1a8a-40e1-9838-577403598f57,Jericho Grollman,M,6,-0.453,1.633,0.009,-0.012,nan
79cf62ce-2401-4bbb-a211-8586c6b5155f,Ryan Huynh,M,2,-0.808,2.001,nan,-0.004,nan
97d93c57-cb4d-4e7e-be65-7a5af67c124c,Scott Nguyen,M,2,-0.792,1.978,nan,-0.004,nan
9647bc45-f17b-43c8-9658-32448d4d95b9,Leah Tauber,F,6,0.577,1.705,nan,nan,0.002
3aaa968d-90ed-4a57-bc29-938a618b6aa9,Jamie Haas,F,13,1.141,1.375,0.004,nan,0.002
77f5be1b-d6c2-430f-9e9b-b1488de514a6,Clarissa Year,F,2,-0.719,2.093,nan,nan,-0.005
4cbfc815-dc55-4d6d-b844-f28b3aeb40d6,Cassandra Fryberger,F,2,-1.798,1.993,nan,nan,-0.006
f613fc75-b580-4c2a-87ae-cfe024504205,Melissa Beré,F,30,-2.431,1.007,0.009,nan,-0.014
d7cea776-d87f-47b5-b1d8-02aeae1eff4a,Louis Vayo II,M,3,0.094,1.823,nan,0.007,nan
2c59d3b0-507b-4387-83d3-010a1f4ce718,Patrick Matetich,M,3,0.168,1.794,nan,-0.001,nan
1212cb97-01fb-4783-af53-2b03ef4f8367,Asako Pastrana,F,2,-1.996,1.955,nan,nan,-0.011
579b21fd-0bec-4ad6-84ed-32bec62d0e61,Courtney Clark,F,9,-1.097,1.425,-0.006,nan,-0.003
14c184ad-dbba-44e2-9a06-4662ca93e0c1,Dylan Galarza,M,3,-0.044,2.03,nan,-0.0,nan
c93c6860-8605-48bc-b41d-82cebb778583,Logan Russell,M,3,-0.069,1.947,nan,0.003,nan
d0c7d486-ae64-447e-929d-7f68bd377d5a,Lorin Schlecht,M,5,-1.969,1.768,nan,-0.009,nan
ef48b1dc-afd3-4788-bed3-246eb81b57e6,Cheng En Tsai,M,4,-0.79,1.741,nan,-0.009,nan
2b6f9cd1-b4bd-41a7-b418-4b3596fe6cdd,Max Zhang,M,4,-1.758,1.766,-0.009,-0.004,nan
33906d89-45c4-4e62-b680-5aa6a89f40be,Joel Waiwaiole,M,7,-0.544,1.778,nan,-0.001,nan
2897f904-8b8a-4eec-aef0-370d7be5a805,Rouzbeh Ghotbi,M,7,-0.53,1.791,nan,-0.001,nan
813002a8-aacb-49b8-86c6-28196af7c72f,Rachal Jackson,F,2,-0.125,1.966,nan,nan,0.004
a8136eb2-4b62-4951-8fd2-6c69004b34f5,Megan Willcox Morales,F,2,-0.234,2.008,nan,nan,-0.003
09d3b780-54b0-4bc9-8b9d-066753cc068f,Gregory Messina,M,4,-1.253,1.741,-0.006,0.005,nan
8ec34103-b8b4-4b51-9e31-2d79b110a618,Paola Landin,F,4,-1.304,1.844,-0.003,nan,-0.001
d65e68da-b258-4f40-96d4-c65963c75528,Taylor Van Zee,F,2,-0.254,1.927,nan,nan,-0.001
a9d10b37-6c9a-4f21-8945-a3fc3e10dfea,Charlie Konkachbaev,M,3,-1.582,1.976,nan,-0.007,nan
b53bcd04-51ac-47f4-9a81-c3a97936218d,Shae Neville,M,3,-1.597,2.077,nan,-0.01,nan
8c59e843-2d09-488e-ab8a-3218a9a8ec53,James Singer,M,4,-1.403,1.815,nan,-0.014,nan
550248f0-e87f-4e76-9d88-9f55c89fb659,Rodrigo Grajales,M,4,-1.903,1.857,-0.007,0.004,nan
59d10153-070d-41ea-a3b1-d357c1183ab2,Anthony Miller,M,2,-0.262,1.978,nan,-0.0,nan
596d3613-2e99-43f0-82b8-eef965acad42,Cori Elliott,,6,-0.016,1.581,-0.001,nan,nan
b21045c0-d203-4a33-a885-6bcc2c403786,Paul Bewley,,4,-0.685,1.858,-0.009,nan,nan
45617fd6-17d9-4df7-aba3-cbd00dd76e23,Ivy Bewley,,4,-0.792,1.911,-0.002,nan,nan
5752f097-3f05-4db5-a871-ab2c6b451abd,Monica Piekarski,,5,0.278,1.802,0.003,nan,nan
c83af3e1-56d6-4e2b-b746-447c2892ace5,Angela Morisette,F,17,0.239,1.167,0.009,nan,0.0
3cd768d1-2fc8-4e80-ac48-6556624ac7b1,Austin Moseley,,2,-1.682,1.877,-0.005,nan,nan
2df9061c-a8bf-4436-952d-047857d851f9,Bruno Barrueto Deza,M,8,-1.535,1.564,0.01,-0.014,nan
453e8dfb-9820-451b-a606-67cfbac8631a,Jing Robinson,,4,-0.282,1.707,-0.001,nan,nan
53e6e33c-5cb8-4579-9e8d-8b1857a85f72,Meggan William,F,11,-1.901,1.342,0.003,nan,-0.012
5d302146-b32e-4d26-a63b-963ae0250260,Stefan Pongratz,,5,-0.972,1.704,-0.005,nan,nan
127909ff-8248-401f-b4ca-73570851ce21,Dean Loock,,2,0.11,1.98,0.004,nan,nan
f4bbf7d4-371e-42f7-9979-568f57881a11,Adelie Osher,F,27,0.689,1.083,-0.01,nan,0.012
e7a19dbb-b86d-40d1-a303-33cd9405ad53,Matthew Montoya,,2,-0.82,2.04,-0.002,nan,nan
1b5c8cc6-0e5c-4085-a51d-3464584f192b,Lorna Morris,,2,-1.361,1.901,-0.005,nan,nan
74189f68-e7ff-473c-9544-aad496ff5efd,Madison Turosinski,,5,-0.327,1.741,-0.003,nan,nan
e23954c9-e944-437a-88c5-79654dc33e53,Katie Diaz,,6,1.827,1.636,0.01,nan,nan
1b9d3893-28ac-4c4a-86ad-64ca38eedbd7,Sydney Tran,,2,-1.26,1.833,-0.011,nan,nan
8457eabc-75f8-4a1a-bf0f-781141745cd4,Dmitry Ivanenko,M,9,-1.658,1.51,-0.005,-0.004,nan
04eb9a67-a7f0-4a12-b954-b47ed04fd565,Shirley Hall,F,8,0.031,1.694,-0.004,nan,0.008
dc9fb270-6ae1-4b7c-8b6f-8e6348b3c8a1,Donald Hall,,2,-1.589,2.007,-0.011,nan,nan
2651f20f-1b40-478a-8394-349ff2294423,Laviniu Caba,M,2,-1.041,1.88,nan,-0.007,nan
5be14d01-bfe2-46b2-9bf7-3faa8199fe2b,Noel Carter,M,2,-1.171,1.967,nan,-0.006,nan
328249d8-eee2-45fb-84ce-4cbb8331d8c7,Arjun Thyagarajan,M,2,-1.197,2.045,nan,-0.002,nan
d0da5b36-d39d-4c37-b1dc-70f0fc091b26,Pramod Dabir,M,2,-1.172,1.95,nan,-0.007,nan
b68e7762-759f-42fc-8fda-c78c7b0fdd6e,David Wallace,M,4,-1.874,1.801,-0.009,-0.013,nan
285ca553-7513-4d94-add0-43a6125aa64e,Max Meza,M,2,-0.774,1.979,nan,-0.008,nan
effd5123-ed8b-40a9-9952-549c83f25869,Titus L,M,2,-0.396,1.959,nan,-0.003,nan
743c8a88-5b36-470e-b35c-6d7a381d9f4c,Tristan Vincent,M,2,-1.126,1.908,nan,-0.007,nan
c2fc96eb-0896-4323-9861-3fe6d87c20c4,Anton Ulan,M,2,-0.89,1.975,nan,-0.004,nan
a25805aa-3d37-4816-a25b-2a7e63752a7b,Yunqi He,,3,-1.33,1.836,-0.01,nan,nan
98d6dabc-1b5f-4178-bf5c-8940dcdd9491,Cameron Douglas,M,2,-1.902,1.946,nan,-0.015,nan
2c9e0897-8e8f-431c-a9a3-cb94dc20db87,Abhishek Bhargava,M,2,-1.913,1.943,nan,-0.01,nan
6b9eb8f3-f4da-4890-ac19-6cf2fff87bfd,Nico Regas,M,2,-0.722,2.002,nan,-0.002,nan
d434a95a-8507-4081-9d8b-328752f651a9,Trent Virden,M,2,-0.77,1.918,nan,-0.012,nan
97c2e654-3da8-423e-9af4-de1a9fcd72bc,Patrick McConnell,M,3,-1.694,1.931,nan,-0.008,nan
e135549e-dc2d-4430-a4c7-66d92f342a93,Ana Ratiu,F,2,-2.293,1.978,nan,nan,-0.015
d444a060-bd89-47e9-928c-3b12090a557a,Brian Tinsley,M,3,-0.939,1.934,nan,-0.004,nan
b9078ad5-9d55-4617-9c9d-131823dfca0b,Luke Ness,M,3,-0.889,1.936,nan,-0.003,nan
5f0a14f3-a0bb-491b-b8f7-be4b722c7dfc,Sandeep (sam) Sanga,M,2,-0.648,2.025,nan,-0.001,nan
40767c5c-9121-478a-af35-3c02ed8924ce,Drew Diefenbach,M,2,-0.678,1.843,nan,-0.003,nan
71901b96-f62e-40a4-a520-aefce54b35da,Joshua Matabuena-Yamanaka,,2,-0.972,2.008,-0.005,nan,nan
e907f872-76a0-4ae4-8778-c70456fc6991,Madalena Flores,F,9,-2.197,1.499,-0.005,nan,-0.007
d5d75814-c4d5-4531-9f5d-09930d9e34f6,Julie Heitman,,2,-1.049,1.939,-0.01,nan,nan
9811648f-5a32-41d5-a26f-0b2988aace0b,Christopher Benevento,M,2,-0.691,2.017,nan,-0.001,nan
d8758482-5bad-4896-b3b9-3c9dbc67d9b4,Jacob Peng,M,2,-0.781,2.051,nan,-0.012,nan
5644e658-9ae8-4357-8c64-6efeebb35901,Travis Nichols,M,2,-0.686,1.836,nan,-0.003,nan
d3ba88c6-a8c7-4251-aa8f-3edeef5c0a41,Ristine Sutton,F,2,-0.436,2.052,nan,nan,-0.006
14b98a13-d079-4bd1-bb29-cc9b54a811fc,Suzie Woodburn,F,2,-0.428,2.011,nan,nan,0.001
1a379f3f-8db1-4783-9fe0-9bbd0ddb220e,Faathih Haider,M,2,-1.615,2.055,nan,-0.013,nan
9fa3fd89-6cac-416a-bee5-b19abb7a3e82,Lucas Jensen,M,2,-1.623,2.025,nan,-0.012,nan
5a2bcefc-c495-4a2d-b3cc-03b6cdecd84f,Xiao Yi Wang-Beckvall,F,18,1.898,1.124,-0.01,nan,0.023
5c5c1775-a31b-4f49-b822-42afe860fd24,Stephen Bass,M,14,1.147,1.247,-0.011,0.016,nan
90ee0493-d16e-44c0-abf6-c0a5afae261f,Ross English,M,4,-0.23,1.846,nan,0.007,nan
0a787ca5-f7c5-4352-99f8-3c7214e231c3,Jake Wilson,M,4,-0.179,1.77,nan,-0.004,nan
3f872035-3abb-434d-9fc7-6134ec6c40f5,Alvaro Terron,M,13,2.904,1.382,nan,0.013,nan
f51d6dfa-5101-49d8-aea5-269e481e1918,Helen To,F,30,0.565,0.984,0.005,nan,-0.002
88638eb7-8dc0-4c0a-bb9e-64480aeffd0c,Keri Lu,F,13,-0.414,1.383,-0.01,nan,0.006
4939ccf3-b9d0-42c6-8254-7c220a8028aa,Beatriz Lopez,F,8,0.198,1.681,0.002,nan,0.002
b565def5-a5f8-4652-8d36-e782295c9043,Estephany Tan,F,3,-0.113,1.927,nan,nan,-0.005
e0c80aa0-cb42-47cb-a487-02660638bd80,Garrett Ivey,M,6,0.765,1.848,nan,0.002,nan
c7e5faaf-722e-43ea-a652-316dde5de973,Landon Ivey,M,6,0.78,1.817,nan,0.008,nan
24aa475d-722e-4ff5-8ecd-006083f23e46,Aaron Allen,M,2,-1.5,1.949,nan,-0.007,nan
18a232c8-e02e-4c37-a2be-fffc1b491650,Francis Pawloski,M,2,-1.518,1.893,nan,-0.008,nan
50982c9d-4d95-48ce-8e38-6704fde63599,Thomas Romano,M,8,0.115,1.571,-0.003,0.006,nan
4553e8f7-d51d-41cd-bc23-752742441bff,Garrison Eaby,M,36,3.098,1.014,0.013,-0.001,nan
8286d612-dd01-491f-8229-457170029b56,Karen Lu,F,13,-0.678,1.351,0.003,nan,-0.007
1f281337-8943-4c9b-8ee0-82b3c10cbeb1,Ashley Lu,F,18,1.158,1.266,0.014,nan,-0.011
ababc250-f834-4e1b-a3e5-f7152faf0888,Kendall Warren,F,14,-0.46,1.31,-0.008,nan,0.004
701a0bf5-f760-47a2-b094-ed713bf73f66,Shailla Alda,F,7,-0.72,1.567,-0.011,nan,-0.003
c852cfb7-a320-41a2-a9fc-d924b25c0657,Maddox G,M,2,-1.242,2.02,nan,-0.004,nan
7b3bdeac-0ac9-4bdc-87ae-0cc8b4f7dd12,Stanton Long,M,2,-1.257,1.894,nan,-0.012,nan
f3c174a3-27f6-473d-99bb-867fd0c63e41,Blake Lowe,M,2,-0.446,1.91,nan,0.001,nan
7001c5e2-79cf-4487-9cfa-46150553fdcf,Javier De León Albors,M,7,0.217,1.615,0.006,0.0,nan
e75f0b5e-f10a-4b83-989c-d33f9b723ca5,Tyler Kane,M,3,-0.386,1.869,nan,-0.001,nan
ae06a675-5997-41b0-a199-6da1bb0b49a1,Giorgia Vitale,F,11,0.179,1.437,0.012,nan,-0.009
7b0ada81-4724-4b79-865e-e394e9358de4,Caraline Cox,F,7,1.045,1.648,-0.003,nan,0.007
e45003d7-619a-4b5f-87a6-c8713ce98cda,Gabi Dekkers,F,8,0.927,1.551,-0.002,nan,0.003
2acb2c6e-288a-4f0c-a294-4e54b878eee1,Andrew Phanmanee,M,2,-0.765,2.051,nan,-0.006,nan
d9606838-65bf-4a4f-bcb5-1cf0d867e705,Jacob Lee,M,2,-0.792,2.018,nan,-0.005,nan
299484fa-15ea-4fd9-aff4-c8d66fc30f7a,Hridhay P,M,6,-0.796,1.647,nan,-0.005,nan
4f354c8d-e7f5-4457-b35e-6ec64c0a7dcc,Alex Chanthaphaeng,M,8,-2.614,1.449,-0.012,-0.007,nan
68e2dde7-1836-4e93-a268-be3d4e89ec26,Carlos Pavon,M,4,-1.041,1.816,-0.008,-0.003,nan
7c11b7e1-905d-40ed-ae74-1a7e8f64825e,Brian Williams,M,2,-0.079,1.931,nan,-0.001,nan
c00e899c-997e-45f0-bdcb-95facebd7bc3,Eli Butts,M,2,-0.152,1.911,nan,0.001,nan
18bdfa84-e194-4c4b-9241-6ba51ce3d2bb,Tristan Cooley,M,4,-0.565,1.749,nan,0.002,nan
d2c80de9-8517-4b51-a8c3-06f22748f621,Jonathan Clark,M,8,0.492,1.505,0.009,-0.007,nan
e6d9ddea-b9ac-46d9-8242-a4e2a363b6d6,Heath Helms,M,5,-1.68,1.733,-0.01,-0.003,nan
08c496a4-798a-4922-a573-dae3555f5d9e,Denson H,M,3,-0.34,2.0,nan,0.001,nan
825bbdac-2df3-4167-b8cf-4d252ecb2cf9,Daniel Shepard,M,2,-1.113,2.067,nan,-0.005,nan
53c797c5-058f-4d1b-b82a-247d4f9e6839,Spencer Johnson,M,2,-1.097,2.069,nan,-0.003,nan
e4aa3932-f0b8-4cc0-aa3b-e926f3f5075a,Colby Hill,M,20,1.966,1.188,0.016,0.001,nan
319b7de4-3105-44d0-8eb6-9eb8ff0cf1ec,Daniel Johnson,M,5,-0.439,1.729,nan,-0.004,nan
2d4d304f-dcae-45f6-b26a-ab192ab0e1a1,Caleb Thompson,M,2,0.294,1.904,nan,0.002,nan
a97181e0-7832-404d-ac34-fb8346ea2b98,Kallan Arledge,M,6,-0.071,1.566,0.012,-0.006,nan
933ddf79-a188-4256-8aad-87970c201db7,Rachida Berjane,F,6,-2.154,1.676,-0.009,nan,-0.009
7bc3eb60-72a3-4ca7-bca7-c0dd8b9a42db,Chase Parker,M,3,0.909,2.008,nan,0.009,nan
a4ae7ae8-87b6-4649-a11b-20a0ca2aef50,Logan Thompson,M,9,-0.78,1.552,-0.007,0.004,nan
99a2c15e-b177-4c99-9eb4-f5d4e518e6f9,Eden Malloy,F,11,-1.303,1.437,-0.013,nan,0.004
ed700443-8f8c-4fdd-8560-6b32e64245f9,Adela Umannova,F,7,-0.44,1.542,-0.001,nan,-0.0
cdb01e3a-b0e0-449b-a7c5-278127f2cd61,Mary McGowan,F,21,-0.345,1.211,-0.0,nan,-0.01
f6b6d636-c79b-4d1c-8c11-ad21881f2da8,Yulia Krylova,F,5,-1.521,1.679,-0.008,nan,0.0
cccba1bc-174a-472f-9049-361a9520b1e8,Putri Insani,F,5,-0.576,1.754,-0.005,nan,0.002
1c0cbf27-5245-4bc4-bd1f-921c72b9ac79,Tyson Tuiloma-T,M,4,-1.889,1.797,nan,-0.009,nan
044b3243-46cf-4b7d-bd47-9f2fad3933c8,Paul Sin,M,2,-0.847,2.001,nan,-0.004,nan
70553b6c-b9ca-48ab-a740-9599027407c2,Troy Huynh Jr,M,2,-0.854,1.91,nan,-0.003,nan
9a881186-dec4-4da5-8b75-e9ab50b78115,Chance Myers,M,5,-0.565,1.722,-0.009,-0.002,nan
d4ab8633-56cd-4a23-b2d5-19c9972932fb,Zack Bosshard,M,3,1.068,1.943,nan,0.008,nan
13407362-97b9-4bcf-ae7a-75c3576bb99a,Abbie Monski,,2,-0.444,1.861,0.006,nan,nan
6c47d9c7-5166-4b60-9747-0fc1ed288f62,Kirsten Myers,,2,-1.532,1.906,-0.014,nan,nan
1488feea-9036-4234-b024-b3aab3dae540,Brianna McCullock,,2,-0.746,1.973,0.003,nan,nan
969c7eb3-8b20-4740-8a8b-463e4f0117ae,Adaline Machado,,2,-1.319,1.903,-0.008,nan,nan
a8bd9132-5167-4d6e-afb3-f80cd54cc138,Francesca Marto,,4,0.608,1.818,0.005,nan,nan
139f2249-820e-4e28-ad94-3b82f07ee699,Jojo Henderson,,3,0.203,1.948,0.002,nan,nan
1e754a3f-b603-4e6f-b3d0-2cdd8819a267,Tucker Segars,M,5,-0.312,1.713,0.004,-0.002,nan
e468331d-9060-4b41-a570-90c36934a38b,Alvaro Regalado,,5,0.268,1.797,-0.001,nan,nan
42004b18-13f0-4de9-9b58-a6afd17c5069,Bolaji Kukoyi,M,3,-0.064,1.908,0.003,nan,nan
261e4370-c013-4670-ad0e-4895056f7248,Nancy Suiugan,F,6,-1.272,1.644,-0.006,nan,-0.006
0b7b1eb4-576e-4b87-a766-662437b590f0,Brandon Macdonough,,2,-0.317,1.982,0.0,nan,nan
01b97541-4425-4241-a2d7-7025477b293f,Aurora Arvelo,,2,-0.427,2.006,-0.005,nan,nan
f0a1b804-bc7f-4fba-9e20-384ea12b4bab,Brooks Toth,,2,-0.505,1.97,-0.002,nan,nan
4d9dfee9-8e88-41ca-b643-d0acfe36fd51,Alexander Allweil,,2,-0.088,1.96,0.001,nan,nan
610158d5-daac-4ec7-a9d4-1b6a4f194760,Cody Temple,,2,-1.647,1.957,-0.013,nan,nan
ab473dbc-8449-427a-968d-5f59bd1f65fd,Eunggwon Kim,M,27,2.339,1.198,0.022,-0.004,nan
f9e59e8b-b986-4dc9-8c67-a67052a98708,BO Lewis,M,2,-0.608,1.959,nan,-0.005,nan
2a1c197a-eede-4639-9fbf-1133d648f7c7,Demetric Marrero Jr,M,4,-0.695,1.769,nan,-0.006,nan
e1057487-32ee-410e-a97c-75ea718e7abb,Jack Boxill,,2,-0.267,1.99,-0.007,nan,nan
167e7a23-c919-460b-8586-a3966f588dcb,Hong Kit Wong,M,33,2.324,1.217,0.018,-0.003,nan
33116bdf-0bf4-4281-bbd8-6f4090e9312c,Kara Wheatley,F,17,0.714,1.348,0.019,nan,-0.008
bd8e1ad4-5402-4c55-a95b-1d39c1de2344,Spencer Liang,F,12,1.368,1.497,0.006,nan,0.006
c90275e8-3eb3-4e9c-87e7-5be56402bfb5,Noah Lyu,,2,-0.618,1.88,-0.005,nan,nan
985299cf-6904-4a66-8378-dca4684c182d,Isidora Petkovic,,3,0.223,1.896,0.004,nan,nan
6e2ce3ca-8c0d-4805-8c4b-1d62107c082a,Herick Isago,M,2,0.062,1.975,nan,-0.008,nan
07c23d16-4200-4778-b78e-ab7bf6951754,VU Nguyen,M,2,0.129,1.962,nan,-0.006,nan
93cee9ac-dd76-48c9-bca8-0a80f53da688,Benjamin Harper,M,2,-0.509,1.959,nan,-0.004,nan
a9a9997e-9128-4275-b895-bc68df2374e0,Frank Solana,M,2,-0.204,2.02,nan,-0.007,nan
b773ba4c-ba13-44d1-9b0c-ae811ea8a9a6,Ross Cottrell,M,4,-1.492,1.879,-0.009,-0.005,nan
105b423a-d545-4b16-8449-b25c82b1f7a8,Matthew Boyett,M,2,-0.842,2.025,nan,-0.0,nan
f288907e-66c0-465e-9675-217c2ef50702,Sena Takeyama,M,2,-0.83,1.993,nan,-0.005,nan
77f2d09e-1f09-4be1-9e74-5944b02bfb05,Trevor Schwarzmann,M,6,-0.446,1.731,nan,-0.002,nan
a991a28b-3f46-4367-854e-6e5ed5132056,Matthew Nesbitt,M,4,1.528,1.764,nan,0.0,nan
e21d9c47-6c04-4417-b649-8e177d0ab636,Allen W Wang,M,8,-0.151,1.663,-0.003,0.002,nan
54949e40-de7a-4160-852e-ec6efe96049d,Jun Jeon,M,3,0.534,1.939,nan,0.007,nan
4a1d43d1-bc2a-42ab-b2e4-fd2c2ec339cd,Ben Baravik,M,8,-0.968,1.583,-0.011,0.001,nan
07b464bc-0c99-4969-a8b6-5b47fbc91436,Alli Hazrati,F,13,-0.386,1.34,-0.007,nan,-0.003
e18ec03e-4879-47d7-96f6-ca66171ffa81,Colton Phillips,M,2,-1.447,2.095,nan,-0.01,nan
38287668-dc2e-468f-871d-c7f14a1101b7,Hunter Bivins,M,2,-1.384,1.96,nan,-0.002,nan
cd9ab594-3f19-4cb8-9db1-28199fef9085,Mia Yu,F,9,-0.183,1.583,-0.004,nan,0.002
783556ac-89d8-4bad-957e-be891b0a5968,Isabella Nelson,F,11,-0.931,1.472,0.015,nan,-0.017
b061f56b-5b3d-4b41-9ea5-9a39715c59cd,Reba Williams,F,2,-1.527,1.977,nan,nan,-0.012
7292c1c6-d7a2-4926-8a90-2bb042965f2a,Lucas Sanchez,M,2,-1.065,2.0,nan,-0.005,nan
72ec1ca0-5d4a-4186-a435-6a35be518ec8,Eduardo Caillaux,M,2,-1.106,1.983,nan,-0.01,nan
4d673453-a554-41b9-ad7c-c588058af347,Tammy Kim,,3,0.004,1.877,-0.002,nan,nan
684de940-3788-41f6-9d4b-b843da242dae,Wesley Hanson,M,12,1.226,1.639,nan,0.009,nan
b70cca60-0d9b-45e7-9327-ec95e850d1e2,William Hart,M,12,1.643,1.613,nan,0.005,nan
9c48e40b-ebfa-49d4-a3b9-c487c0248567,Aibika Kalsarieva,F,15,1.669,1.266,0.016,nan,-0.01
8620b5f6-d9d5-4cb9-9a28-ed21da77511e,Lauren Cole,F,12,0.986,1.418,0.005,nan,-0.002
47cdc6f5-3e06-4249-adde-f588681bb483,Maria Klokotzky,F,21,0.632,1.157,-0.001,nan,0.005
5714d0c4-4431-4afa-9e95-11817e9d27d9,Teresa Romero,,4,-1.111,1.702,-0.008,nan,nan
8abb5768-8a01-40a6-9b6a-89f44a15acc6,Ruben Kellam,,2,-1.148,1.997,-0.008,nan,nan
6513e136-5b3d-4c89-b165-5bc19442f226,Nathaniel Veselenak,M,2,-2.565,1.859,nan,-0.014,nan
c92c2e79-79c5-474a-bc5b-6ca3931da3b2,Jack Hared,M,11,-1.87,1.423,-0.0,-0.007,nan
fb810271-770c-4165-8988-ab0723401bee,Harrison Gold,M,8,-0.747,1.684,-0.006,0.002,nan
856ad395-70ff-4234-92f8-3218f8b0ae2b,George Wolf,M,3,-0.179,1.922,nan,-0.0,nan
5a7e23f7-c353-49df-a9a0-d1e1eda4c01d,Sonia Purello,,2,-0.531,1.961,-0.003,nan,nan
d226188a-c140-4369-9c61-6bf56ab3f931,Kristen Van Dernoot,F,5,-1.824,1.683,0.0,nan,-0.01
724467d3-c954-4529-9789-68c971ff9530,Eva Mitchell,,2,-0.76,1.909,-0.005,nan,nan
b1a0b8eb-78f8-4278-bda0-5d9397c6a7d5,Liza Klyachkin,F,4,-1.704,1.782,-0.011,nan,-0.004
cc7af850-9452-4133-9721-2cd0ea98394f,Winston Cannon,M,2,-0.199,1.959,nan,0.005,nan
535a3a44-2564-4f88-8139-b759d6e4f94a,Karthikeya Jagadish,M,4,-1.635,1.872,nan,-0.008,nan
0fd983de-06ed-48c9-aa69-9d573e84708b,Saurav Santhosh Nair,M,4,-1.575,1.905,nan,-0.008,nan
13b71cab-3764-4c04-a4fa-ba1ef1fbc183,James Peng,M,5,-1.809,1.76,-0.002,-0.003,nan
453eab7f-e038-46b2-884d-942ef3fd9976,Rahul Datta,M,2,-0.96,1.986,nan,-0.007,nan
c08312a9-2bf1-48db-8e54-a4c0de91cf82,Hanson H,,2,-1.476,1.954,-0.002,nan,nan
b7378a50-31c2-4459-8755-e2409c951f9a,Kate S,,2,-1.401,2.043,-0.006,nan,nan
4f59d9cc-5220-4fd1-9977-e33e8ac4937c,Max Davis,M,2,-0.767,2.062,nan,-0.0,nan
167d12a0-7178-4d10-be8c-ba2d19e3ab5b,Matthew Schiller,M,2,-0.703,1.996,nan,-0.005,nan
55ed7e0a-ff2d-4ac2-aad6-b6772ef4f448,Layne Sleeth,F,59,2.975,0.72,0.004,nan,0.006
051f5c82-82ce-4ab8-b4f8-36976638a89b,Sahra Dennehy,F,51,3.491,0.755,0.029,nan,-0.016
2c4de762-88d6-47c3-8b2b-af562c5d1f93,Danni-Elle Townsend,F,75,4.515,0.656,0.021,nan,0.001
9a126f65-f674-450a-a0ca-cea089f6ddb3,Justin Chock,M,2,-1.013,2.098,nan,-0.007,nan
4d9c2831-6ec5-49dc-9af4-a3c9501c6763,Joshua Spencer Jr.,M,2,-1.153,1.969,nan,-0.005,nan
50cf53f9-a3ad-495a-8d28-eb9c2e5c970a,Austin Hardy,M,5,-0.976,1.753,nan,-0.004,nan
a6255e5f-36a9-41ec-9108-88e110b6d0fe,Bella Nelson,F,10,1.945,1.487,nan,nan,0.007
491edcb0-c087-475d-a48b-279d14e27f3a,Alexa Brent,F,8,-0.32,1.615,-0.0,nan,0.002
8a8a499b-0c48-4dc2-a56a-6301b2d2c324,Chris Turvey,M,4,-0.597,1.716,0.002,-0.003,nan
96b58008-66ab-46cc-a4b4-354e02763f19,Jason Weidman,M,4,-0.468,1.727,nan,-0.007,nan
4e989038-62d9-48c6-bd15-f483ea33b5be,Brian Buzianis,M,4,-1.316,1.851,-0.003,-0.003,nan
3632e637-0d7a-48fd-9686-f57fea802978,Chase Nuttall,M,2,-0.091,1.946,nan,-0.002,nan
cb7aa373-094a-46d7-9cba-aab3d7b326fc,Raymond Velarde,M,5,-0.86,1.923,nan,-0.007,nan
18c0f98a-907c-4484-95dc-be21d0f9e9b4,Dillon Hageman,M,5,-0.894,1.842,nan,-0.012,nan
94cfb7cf-9142-4b9e-b6ec-1646e4711f29,Mya Barron,F,8,-1.414,1.595,0.003,nan,-0.009
545586f8-8e93-44ae-91ae-1d0cb881ecd8,Aliese Pedro,F,4,1.06,1.825,nan,nan,0.005
87594030-0014-4b97-a542-5cffbd39e323,Sarah Beeston,F,10,-1.512,1.506,-0.01,nan,0.005
9124e6bd-6a6e-4026-9256-90277ca91c1c,Kace Heiner,M,2,-1.232,1.918,nan,-0.004,nan
2d8e3a89-e94a-4750-b9d2-9134862e3572,Bryan Lundberg,M,2,-1.343,1.95,nan,-0.009,nan
ae7e2026-d6bd-46c5-9557-6ed5ae748ef9,Ryder Boydston,M,10,-0.843,1.638,0.002,-0.009,nan
ddfee378-c291-4296-a585-0ac8d5dd3ba9,Hudson G,M,12,-2.292,1.446,-0.004,-0.007,nan
a463a0ce-b566-4aa5-b364-31d4f949fcf5,Crystal Sorem,F,5,-1.582,1.71,0.002,nan,-0.006
607ff7e3-ba06-47f2-8bdc-0f66a4a6614f,V. Mary Rivas,F,7,-0.595,1.517,-0.005,nan,-0.003
75606179-6e19-4f25-bb8d-f66dfa19287c,Naomi De Hart,F,12,-0.263,1.396,0.001,nan,-0.001
f2f22110-2d83-4a94-9e5b-811d3b01898c,Clayton Boydston,M,2,-0.797,1.85,nan,-0.004,nan
50cbdfa9-8c00-4007-8c5e-71c7d560ff6f,Loren Hsiao,M,2,-0.554,1.925,nan,0.0,nan
2a8b7adb-5f06-4b01-88a7-86e56d8d9274,Hannah Fife,F,10,-0.744,1.409,0.013,nan,-0.006
034ef82d-e77d-43ac-b0e7-4cd9c3358104,Matthew Gilbert,M,2,0.712,1.844,nan,0.008,nan
a1158a98-f19d-4be0-b79b-15bf63afe499,Ben McNair,M,6,-0.448,1.642,-0.002,0.002,nan
c05ac324-997c-4ab3-b085-9af779d87c57,Missy Turasky,,2,-1.862,1.907,-0.015,nan,nan
abb357d5-1d51-4d73-9cc2-21c0602f5113,Diana Kozenyatko,F,6,-2.445,1.564,-0.013,nan,-0.004
52915580-0a12-4791-8f82-6f6e56e90f76,Elizabeth Boydston,,8,-0.096,1.81,-0.0,nan,nan
42aa422c-e795-47d7-b8c6-369e2e74c111,Tuny Betancourt,M,4,-1.301,1.757,-0.002,-0.002,nan
3760b164-aabd-4893-b5a1-91a4eef558c1,Callan Dawson,M,8,1.192,1.641,nan,0.009,nan
ade9841f-1588-409f-aa11-3c7f0c2ac1cb,Indigo Ciochetti,F,2,-1.639,1.919,nan,nan,-0.008
70002157-45db-4d55-90f7-8270b67cd191,Carter Southern,M,2,-1.489,1.932,nan,-0.009,nan
acccaab9-c68e-4be6-b2fd-9be5c9d9cc7c,Bennett Miller,,3,-0.201,1.866,-0.003,nan,nan
85e0bf5c-445a-4fda-bdc5-7e4c56c1a9cc,Preston Wong,,5,-0.237,1.827,-0.003,nan,nan
688dac52-dc1b-4082-b741-e0688f6ea678,Thao Tran,,5,-0.183,1.922,-0.005,nan,nan
48e508ee-f624-476e-9aaf-b58d7d5d6112,Dohyun Lee,M,2,-0.276,1.945,nan,-0.001,nan
6e78817a-2b26-43b0-8286-794acd3846a0,Tyler Roop,M,3,-0.506,1.81,nan,-0.004,nan
a8d99926-b469-4e32-adb5-1e97124eb2d3,Daniella Eisman,,2,-0.711,1.935,-0.001,nan,nan
bbaeb06e-88e8-4b02-bda3-0cd887ffb96e,Rosapale S,F,7,1.012,1.703,nan,nan,0.01
b059bd8a-de37-4823-8baa-414caad8e0da,Tatiana Diaz,,2,-1.085,1.903,-0.003,nan,nan
15156d9c-65c8-4a3c-a392-c3082975cfc4,James Broker,M,6,0.65,1.699,0.003,-0.002,nan
2d1e1dd4-906a-4a93-b172-4e948fa88041,Troy Jenike,M,2,0.036,2.105,nan,0.002,nan
9261ba95-53e1-4e77-8b98-84f0559c62f1,Paul Davis,M,2,0.061,2.004,nan,0.0,nan
001e0c99-ca33-4d77-a721-d012be8acc8e,Garrett Swaney,M,2,-0.641,1.887,nan,-0.002,nan
9ae9ddf2-68f6-4050-884c-5f616b18f6eb,Riley Durkin,M,2,-0.636,1.977,nan,-0.014,nan
8bb19de8-1ea0-4e69-82ed-80616fc415a2,Aneesh Kodali,M,2,-0.973,1.977,nan,-0.007,nan
ab9bc20e-b332-49a7-b09f-65567a588ccc,Anudeep Kodali,M,2,-0.895,1.935,nan,-0.007,nan
cf21b2b4-0f5b-43c0-b8b1-18b64b376cd2,Lucas Pereyra,M,4,0.031,1.813,0.001,-0.002,nan
a2ff8c9b-1b33-4b83-9bbc-31aaf6704206,DJ Zeiler,M,4,-0.911,1.793,-0.002,0.005,nan
0818d3c6-b863-49c8-89c4-e28e1cc5fb67,Natalie Kim,F,10,1.488,1.578,-0.006,nan,0.009
9190c1cd-8cb3-459e-932f-f2e41e4ae613,Jase V,M,2,-0.69,1.899,nan,-0.003,nan
a0b5241c-2444-4eda-b950-c95d02bc3458,Ethan Varney,M,2,-0.688,2.001,nan,-0.004,nan
4ebf78a8-2d54-451d-a45f-42544f6a60f1,Kayla Nesbitt,F,4,-0.556,1.822,-0.012,nan,0.001
00e04f40-f239-42cd-baaa-0800e5f7d525,Sarah Carpenter,F,4,-0.09,1.749,-0.003,nan,0.002
df8c0e05-75ea-4ef3-923e-685ff05f23f5,Selim Ben Ali,M,5,-0.711,1.812,-0.005,-0.004,nan
10ead23b-57fd-4733-a8a5-3728d9f326e3,Rafael Kayo,M,3,0.301,1.902,nan,0.005,nan
6064d3d3-77d3-4a20-91b9-f23c1ee0a6ff,Luis Fernando Myers Martinez,M,3,0.241,2.016,nan,0.002,nan
20045230-82bb-4962-99fe-cf78c28f8641,Joshua Giannelli,M,4,0.188,1.85,-0.003,0.007,nan
08208add-da5e-4a73-adb0-f1a86bf28153,Alex Guy,M,2,0.693,2.099,nan,-0.001,nan
b65649b1-4e75-4a71-bae6-a0f43b141325,Shay Payne,M,2,-0.724,2.074,nan,-0.011,nan
85d2c31b-02af-4fc4-ae00-0c32ffef30ee,Justin Moore,M,3,0.866,1.869,nan,0.005,nan
5362def0-0134-4247-8428-d6a5c32ad504,Jack Wasserman,M,3,0.877,1.878,nan,0.01,nan
9bd1437e-fd56-479a-bf55-1ecdd2e07682,Bradon Ly,M,2,-0.56,1.869,nan,-0.007,nan
f78254c2-5dbe-4ccd-85d2-bf5538cb179c,Komal Safdar,F,7,-0.132,1.639,-0.001,nan,-0.003
6679adb1-859f-4e6e-a2fa-9a800f5c95a3,AJ Carney,M,4,0.192,1.843,-0.004,0.004,nan
8991011d-c11d-4049-a5ec-4cdf1421c607,Immanuel Zion,M,2,-0.995,1.96,nan,-0.008,nan
5df016d0-6f4f-4848-a27e-0cbb5b7eaac4,Adam Yeager,M,2,-1.232,2.018,nan,-0.01,nan
f1b3940e-d4d5-417b-a094-12f551a3a619,Hudson Yeager,M,2,-1.242,1.946,nan,-0.012,nan
6e0c0d57-704c-4148-9229-1c623b611919,Perry Wang,M,4,-2.089,1.821,-0.004,-0.005,nan
e1588ddc-465b-4303-9659-dab2533f80ca,Emilien Burnel,M,14,1.744,1.48,-0.005,0.016,nan
a67aea6b-f0f7-4954-a262-8f641a389861,Karolina Fleming,F,4,-1.147,1.798,-0.004,nan,-0.003
18ee08e4-2965-4966-a1a4-257d66f0bdfa,Jessica Haywood,F,4,-1.235,1.802,-0.003,nan,-0.001
12e27819-a2a0-47e8-a4cb-05815ddb0488,Mike Block,M,2,-1.181,2.033,nan,-0.009,nan
396c69af-6b23-47f6-8d68-b39ca26e83e6,Landon Davis,M,2,-1.263,1.947,nan,-0.007,nan
85fd72c5-d264-4ad5-8f75-070e1a657508,Maya Wilson,F,4,-0.997,1.707,-0.004,nan,-0.004
0f8523aa-0279-4dec-8697-0261e6a1f97a,Madelyn Porter,F,5,-0.597,1.744,0.003,nan,-0.006
d1045e15-2ae2-4e2c-b7ba-21a326affe05,Alexa Quintanilla,F,14,0.324,1.344,0.002,nan,-0.0
0d40af37-5b44-4f00-a2c8-03ea5e34960c,Ram Kotnana,M,2,0.081,1.912,nan,0.002,nan
bb4de7dc-9f25-4218-a601-318492e0884c,Usama Khalid,M,30,2.031,1.106,-0.008,0.021,nan
5b315d39-43a4-479e-9b37-43baa9971159,Dhanvin Sureshbabbu,M,2,-1.033,2.007,nan,-0.004,nan
bb2d514b-7466-4a32-b636-388a0443affe,Brayden Brown,M,2,-1.111,1.954,nan,-0.005,nan
6b432472-f73b-4f2b-b65d-5848657d117b,Amber Policare,F,8,0.29,1.539,0.008,nan,-0.003
81129f3a-e29a-45c6-b77d-7deb0c05106c,Luke Kusmider,M,2,0.779,2.124,nan,0.001,nan
d9cdd4f0-ef6e-4261-9a36-2e737ad49751,Arsh Bassan,M,2,-0.743,2.058,nan,-0.006,nan
65d6b76a-dbd9-4a49-b142-73e92ad98f8e,Andrew Curtis,M,2,-0.451,2.015,nan,-0.005,nan
c9f766d6-696b-4e34-8e13-919c7286ad85,Mc Dranreb Africa,M,2,-0.49,1.94,nan,0.001,nan
b524beb1-ae58-4ef5-862a-bd1296161cdd,Ted Holway,M,2,-0.034,2.008,nan,0.007,nan
7457f630-57a3-4f28-a5b1-45d45e73c920,Nicholas Dehmer,M,4,-0.147,1.756,0.002,0.003,nan
4921f936-eaa3-49d6-bc61-c412bc2fc5e1,Parth Patel,M,2,-0.751,1.954,nan,0.002,nan
4a8c0d78-7786-4ef9-a32e-f1f2d134c6ab,Jay Patel,M,2,-0.778,1.891,nan,-0.009,nan
0c80fb8f-dca2-4b40-a6f7-130dfb06448c,Kevin Chen,M,2,0.534,1.986,nan,0.003,nan
e6992f37-7ef2-4a09-a2b5-1b371fa8b9a9,Sarinreach Leng,M,2,0.431,2.022,nan,0.006,nan
3f43e258-294a-4fd9-80b5-795882b1e837,Austin Keefer,M,2,0.174,2.016,nan,0.002,nan
aab3460c-94df-4fc7-98ef-b441282b85a9,Piyush Mavanur,M,2,0.204,2.047,nan,0.001,nan
51d3c520-ab59-47b5-87f2-b99ce66b1ad8,Tristan Watson,M,3,-0.96,1.944,nan,-0.004,nan
e5f03d3c-56c1-4fe1-9146-5c4f6aecc4af,Jayce Fitzpatrick,M,5,-1.203,1.783,-0.005,0.003,nan
6b446a3b-76f2-4d55-8c84-94ea8bdde2ac,Andrew Wang,M,3,-0.003,2.004,nan,-0.005,nan
5152e31b-0c3f-4018-bde6-b954c44530b4,Ben Rice,M,4,-1.254,1.827,-0.012,0.002,nan
48ce5c4f-4fdb-472e-ac84-a95204554411,Daniel Weber,M,6,0.144,1.704,nan,0.002,nan
a498be96-114c-4857-9d60-4ff2a3e89434,Collin Shick,M,2,0.724,2.067,nan,0.004,nan
a6bfd5f7-0774-4991-8c94-a732802eb152,Anthony Lacqua,M,2,-0.635,2.041,nan,-0.003,nan
64dca549-ebac-4a14-8a3b-4b04ee430ea9,Brian Tober,M,2,-0.68,2.032,nan,0.001,nan
05de0c71-15ed-47f0-9268-8ab4dbe34993,Harrison Kircher,M,2,-1.149,1.976,nan,-0.007,nan
896648e7-fd52-45c0-91d0-620de7a50aa3,John Kircher,M,2,-1.195,2.008,nan,-0.005,nan
6aa0a796-9759-40f5-9c8f-bf4461d032fb,Helena Jansen,,5,0.157,1.795,0.007,nan,nan
cca48c24-6d78-4ff5-977f-33eababb7c7a,Jack Matistic,,2,-0.711,2.016,-0.001,nan,nan
9785a0b2-00c7-491a-a821-3590d9fce54f,Kendall Clay,,2,-0.692,1.989,-0.002,nan,nan
13f96392-08ed-48b0-aaf6-20563021588f,Matthew Kawamoto,,2,-0.232,2.012,-0.006,nan,nan
ee6fde2e-179a-45e2-baa4-113919995c04,Mackenzie Cassady,,2,-0.821,1.915,0.002,nan,nan
afd1c909-da89-445a-b099-e5c43bbb52d2,Georgia Pooley,,2,-0.848,1.934,-0.005,nan,nan
71117603-d8a8-4b35-8d9d-60dd26e28261,Kenai Rios,,2,-0.851,2.02,-0.005,nan,nan
f0b5dd7c-b0bb-42d0-90b9-2027dc8b3ed9,Courtney Kendall,,2,-0.856,1.908,-0.01,nan,nan
2f501a7d-c1f6-48ca-9e0f-8335475e7599,Eliana Ling,,2,-0.545,1.953,-0.002,nan,nan
6a01a5b8-e44c-4190-a09b-d4fa084899ce,Lauralei Singsank,,2,-0.421,1.987,-0.004,nan,nan
a3d53581-f494-4abd-9dd2-9fd1d83d8f00,Alex Cortright,,2,-1.315,1.919,-0.005,nan,nan
01ad1002-ab3c-4f05-b99c-8c265738bd68,Sarah McGee,,2,-1.278,1.921,-0.006,nan,nan
1a23e505-5c98-4e61-b904-c935fa506b6d,Megan Poe,,2,-0.494,1.893,-0.003,nan,nan
b9bacc1e-29b5-4a92-a9c1-24e08ac72215,Sofia Sewing,F,48,5.004,0.789,0.007,nan,0.022
6ee6ec8b-17cd-44f0-ad2a-a3e3460100ce,Dave Bacalla,M,5,0.014,1.899,nan,0.002,nan
19d2c48c-110f-4747-b795-ffe32aa73d58,Zach Drost,M,12,0.318,1.605,0.006,0.003,nan
c57c5375-73b0-486f-b396-8b5f0db83f77,Jacob Becker,M,2,-0.671,2.003,nan,-0.006,nan
f1ff4e83-2799-43d6-a286-ff2987595890,Prapav Patel,M,2,-0.612,1.984,nan,-0.0,nan
f2261867-9e72-46af-a5cd-d3d02f221fd1,Alex Long,M,6,0.697,1.689,nan,0.006,nan
cbef2435-a35a-4292-a76d-2d0a457f606f,Uriah Werner,M,3,-0.998,1.921,nan,-0.005,nan
1ed4bf39-dea9-4cb4-8116-69f40604f25d,Daniel Adsit,M,5,-1.321,1.798,0.001,-0.007,nan
addcdedb-1f04-4079-be09-4797a4937cc9,Kyle Yates,M,17,3.489,1.219,-0.011,0.028,nan
b6fce5c1-aa0d-4205-963b-39a3922cdba2,Noah Hlavac,M,7,-0.422,1.671,-0.008,0.006,nan
d1176b3e-0e5b-4fb6-9c1f-52b83a78e4aa,Matthew Mino,M,5,-0.046,1.742,nan,0.005,nan
12890797-7355-49ca-848e-56d67e33c4de,Marianna Petrei,F,36,1.947,0.983,0.006,nan,0.011
dd60fc78-d2f1-4c7c-961e-db46f78a23d8,Enrique Castillo,M,2,-2.42,1.925,nan,-0.012,nan
dfc5d7c5-75bf-4fdd-9bce-e02d55d86e93,Santiago Castillo,M,2,-2.407,1.95,nan,-0.011,nan
8b0839b0-215c-472f-8d6a-767fc2389d5e,Rey Bacalla,M,2,-0.885,2.005,nan,-0.002,nan
4cff1a90-27f8-46a4-8c43-05fefe778a8a,Alexander Cherman,M,2,-1.805,2.011,nan,-0.011,nan
6c605049-6081-47fe-b85e-4f1b0d1a5182,Eric Levy,M,2,-1.801,2.05,nan,-0.007,nan
4c84febc-d921-4f70-92c5-21d1c7127b24,Samantha Morgan,F,6,-0.182,1.608,-0.002,nan,0.003
034ef432-2de0-4893-b242-34baee3c73a6,Jillian Niemann,F,10,-0.806,1.487,-0.005,nan,-0.003
fb7f462a-8fdd-492f-829d-778736a7935d,Keith Gyory,M,2,-1.062,1.992,nan,-0.015,nan
f4221935-ebbb-4510-86dc-c981a42f3f0e,Daniel Connell,M,2,-1.048,1.958,nan,-0.007,nan
301d15bd-0b3f-4963-9af2-3aa3b55ebbd8,Jason McCrary,M,5,-0.16,1.764,nan,-0.0,nan
e894f721-371c-4287-a692-3de06d9f5aa1,Jerry Huang,M,3,0.506,1.961,nan,0.003,nan
4d8495e4-56da-4aca-925e-b443a717a74a,Nicolas Lopez,M,2,-0.69,1.93,nan,-0.004,nan
f1cdefd8-4a82-4092-a889-2583c7d18dc9,Eric Lewandowski,M,5,-2.168,1.789,-0.003,-0.004,nan
6f87091a-66d6-4bfc-8780-fdf1489c1ecc,Noah Ivey,M,5,-1.581,1.708,0.002,-0.002,nan
b2c494e6-408c-419b-aeb5-d6e18c48bb88,Linda Yang,F,5,-0.583,1.685,-0.0,nan,0.003
05c9cc9c-18c5-4d1f-be3d-eb67578883c8,Risa Hirano,F,5,-0.951,1.758,-0.003,nan,0.001
220ac572-6824-41c5-b2da-18f4c7f18e2f,Alex Lantz,M,6,-1.983,1.711,-0.007,-0.002,nan
7861bba3-cb5d-4afa-b096-061e87e03055,Tiffany Ash,F,9,-1.024,1.62,-0.001,nan,-0.006
67cce868-efb2-406c-a4b0-896a1fe58cc7,Ashley Oluschak,F,2,-1.372,1.962,nan,nan,-0.006
11989ea1-e653-42f9-91ce-13f1a78c0b4f,Lucas Coutinho,M,24,-0.027,1.225,0.002,0.0,nan
8a5114c9-3403-4bc6-b779-4c1aca7ec2bb,Dora Kurdi,F,5,-1.949,1.771,-0.01,nan,-0.001
ebb475a1-caf5-4fcd-8427-da7e16129be7,Belani Soto,F,7,-1.113,1.703,-0.003,nan,-0.001
a0e70ce4-165d-4790-8a3d-8a9a54880be1,Noelle Cerone,F,4,-1.56,1.795,0.002,nan,-0.006
45302907-6ce9-46de-b9ce-99cc9327deff,Kristin Gobberg,,2,-1.407,2.025,-0.007,nan,nan
d3dd5fb9-64ee-42b8-a10f-e6c92df3df2d,Dustin Spalding,,2,-0.721,1.964,-0.007,nan,nan
45e5f39d-97c5-46d3-bd94-9533813b59df,Kay Fischer,,2,-1.343,1.939,-0.011,nan,nan
40de390c-e00b-4134-8658-e08abd7b6f2a,Kavya Rachapalli,,2,-1.222,1.95,-0.008,nan,nan
a51b59c5-1a13-4472-821a-eb9866e72adf,Joseph Wild,M,10,2.565,1.352,0.013,-0.002,nan
5d0c8ae7-4402-4327-b395-d1b705518644,Damon Little,M,4,-1.412,1.772,-0.004,-0.008,nan
3d81052b-beb5-43a8-9941-a5595a0be3c8,Brianna Kemp,F,15,1.102,1.415,0.008,nan,-0.002
b6928a70-4384-418f-87d9-76ae2637ea69,Bryce Larson,M,9,-0.019,1.457,0.001,0.001,nan
2177a8cd-bc2d-4dfd-a6ed-e80eb7bf1cc6,Luke Williams,M,14,2.114,1.436,0.006,0.009,nan
bc009765-62ef-44c9-8e2e-92db2303e3e6,Michael Jenson,M,3,-0.647,1.845,nan,-0.005,nan
79dbc533-9663-4a69-a7f7-d06ecd785f46,Maddy Stone-Wheatley,F,2,-1.151,1.933,nan,nan,-0.012
b9d4b1b2-e44c-40bd-8260-dc9b6eb3ce18,Christina Nguyen,F,4,1.437,1.734,nan,nan,0.01
59251a5a-803a-42a7-af8c-3855d243990b,Tyrel F,M,2,-0.544,2.04,nan,-0.009,nan
e19074bf-bedf-4f75-bce8-95f7f1efaa69,Dan Clark,M,2,-0.516,1.999,nan,-0.002,nan
ad7d4a11-65c3-431c-8645-1ce77bab7cec,Troy Jolley,M,2,-1.987,1.995,nan,-0.011,nan
5484221f-688c-4f2d-8ab0-12d262a921ff,Brenton Jolley,M,2,-2.004,1.918,nan,-0.007,nan
834eff83-1248-481e-ba2e-2f12846a1bf3,Braydon Unsicker,M,2,-1.298,2.004,nan,-0.008,nan
861e8e3a-0e9b-40a7-98b7-4f759b6d00f6,Connor Henning,M,2,-1.338,1.951,nan,-0.01,nan
a1164b6f-c354-4f0f-a427-396a2455dd2f,Jocelyn Bedoya,,2,-0.746,2.046,-0.004,nan,nan
0e667216-69c2-4144-8e55-99351a5aff07,Rujira Peaw O'Neill,,2,-1.149,1.986,-0.006,nan,nan
a4f827f0-0493-42bb-9f99-f3b4e0c27bd8,Diego Diaz Sanchez,,2,-1.167,2.001,-0.006,nan,nan
4e681e02-2987-49b1-9f3a-ad0ba28f86ba,Kade Andrus,,2,-2.175,1.944,-0.016,nan,nan
cc4f2636-781a-470e-948f-4f9df2503f8a,Sammi Ma,,2,-2.139,2.027,-0.014,nan,nan
cd1bf109-4907-4208-bca1-4d12f9494a4c,Casey Diamond,M,20,1.304,1.004,0.007,0.001,nan
2299675b-4f10-401b-b4e2-c82a811977a4,Stefan Auvergne,M,2,-0.411,1.932,-0.01,0.011,nan
7d1a5320-aaee-46b1-a912-da2edd195248,Rika Fujiwara,F,2,-0.945,1.781,-0.007,nan,0.003
a30241d8-d9dc-41ec-a2d1-47ee0ba599a1,Gina Li,F,12,1.508,1.421,-0.005,nan,0.013
3fa6bd42-80b1-4348-aba9-62edf2284982,Justin Simpson,M,2,-0.969,2.039,nan,-0.005,nan
e978066b-18da-4a06-b190-c48fb704f34f,Ashton Bradley,M,2,-0.936,2.039,nan,-0.009,nan
2e534a52-4d73-4243-a5f0-e3e71fc8941c,Kyle Rinck,M,9,1.147,1.716,nan,0.01,nan
589dfdaa-0f50-4c30-a52d-0cfc140f412c,Curtis Hoyt,M,2,-1.308,1.961,nan,-0.004,nan
36367f6a-418d-4bb2-8b18-8a0614788543,Matthew Denny,M,2,-1.279,1.889,nan,-0.005,nan
92f4fb1f-bd02-4404-ad22-2472bb89a96f,Aidan Gorneau,M,4,-2.148,1.772,-0.012,-0.007,nan
bddd722d-d8c2-4e43-bd3f-3fe0ae18118c,Sabrina Barisano,F,13,-0.084,1.45,0.0,nan,0.003
5a2b1a84-e396-490d-9f05-c7ade6932b75,Catrina Coyner,F,4,-0.429,1.697,-0.001,nan,-0.003
94b1585a-19be-4842-b8a1-e17d9ee917b4,Michael Benash,M,4,-0.107,1.812,nan,0.004,nan
0a58a30a-1c6f-4cf8-8ea8-06a19315506b,Heather Kim,F,6,-0.244,1.708,-0.001,nan,-0.0
f8dadb3a-8b90-481c-8d9a-b51ee127a4ff,Shay Hugo,M,13,0.707,1.507,-0.004,0.011,nan
c8d2e5c7-40bf-4658-b1de-003b0d9058e1,Cobi Moore,M,6,-0.281,1.642,nan,0.001,nan
810c90de-6246-476c-82c9-d7b33516ab17,Abby Trieu,F,4,-2.602,1.734,-0.004,nan,-0.004
f30a7911-5f96-4ea9-8d91-a7429704cadf,Rebekah Kitto,F,2,-1.184,1.949,nan,nan,-0.004
11c00851-4e47-48ab-9d34-19c4d2fe5716,Lincoln M,M,2,-0.896,1.921,nan,-0.01,nan
57340151-101f-4b4f-962e-4031fffcce98,Will Kayal,M,2,-0.877,1.959,nan,-0.006,nan
42547327-a336-48f7-a849-3b8a0c189fbd,Dan Caticha,M,2,-1.333,2.026,nan,-0.005,nan
bcef4181-bfce-4bbd-b65d-7300bf1a10b8,Larry Diep,M,2,-1.368,1.974,nan,0.004,nan
c8ab8d9d-588c-4ac9-8801-0645feaa29b8,Lauren Delong,F,2,-1.744,1.973,nan,nan,-0.008
7566f667-f858-498b-ac7e-24ace4cd5a22,Lani Silversides,F,2,-1.693,1.932,nan,nan,-0.009
e56859fa-db8e-49d9-a6f8-a609e40e7221,David Yahng,M,7,-0.8,1.581,-0.008,0.005,nan
9d6e19ca-a1f6-4fc6-83d0-00c5eeb36203,Sara Remynse,F,2,-1.607,1.915,nan,nan,-0.008
b179dfb4-dcf9-4da2-94d2-4ed21ef015b0,Cynthia McPherson,F,10,0.045,1.564,-0.002,nan,-0.002
822cf2bd-f198-4d00-977c-673e3c7f01bd,Chantal Van Winkle,F,7,-0.591,1.727,0.0,nan,-0.006
fcbcd6ef-9b87-4068-8fd2-04f0ab9a7efc,Ian Dube,M,2,-0.055,1.993,nan,0.001,nan
c2c43cab-ff1f-4b7d-be8b-cc23d7d5266a,Dustin Maylath-Bryant,M,2,-0.085,2.004,nan,-0.004,nan
4996d437-da0b-426b-b44b-7111a92e8046,Jack Dipietro,M,2,-2.423,1.949,nan,-0.017,nan
927331f7-44a4-440e-9ff9-98ed1d5c1468,Adam Lattman,M,2,-2.325,1.926,nan,-0.008,nan
2850083d-65e2-4816-ad0b-6af9678a4f09,Peter Dorward,M,4,-0.888,1.763,0.002,-0.001,nan
565ea94a-af38-47fa-9d07-77a710b73337,Ryan Rabidou,M,2,-0.606,1.902,nan,-0.009,nan
d304351f-8ef5-47b5-afc3-6ed09f6db7fe,Magnus Violet,M,2,-0.716,1.966,nan,-0.007,nan
1c24462c-09df-4e95-b43f-72404fd656d4,Sandy Wang,F,5,-0.541,1.677,0.004,nan,-0.005
19e6893f-be9f-45c5-acca-8b3427e284f1,Joshua Wallace,M,2,-1.397,2.083,nan,-0.012,nan
9f072568-bae7-4285-ad48-f6703c6f49cc,Albin Cehic,M,2,-1.309,2.008,nan,-0.005,nan
de698543-42f6-4cd7-877a-1e5bf2f327fa,Neely Sullivan,F,2,-0.831,1.868,nan,nan,-0.004
8ef05c0d-a40e-494f-b27e-77c36449e9ae,Chantal Mabie,F,7,0.476,1.512,0.006,nan,-0.008
a06a48d6-83d1-4761-9150-7df2270863ee,Dylan Taylor,M,5,-0.395,1.672,0.003,-0.007,nan
870a85a3-15db-4d1b-9f2f-ad2b3ba688fc,Gonzalo Nunez,M,2,-0.159,1.991,nan,0.004,nan
0f0e9307-3aa4-490b-b23f-9c59760290c8,Gregory Perkins,,2,-1.319,1.882,-0.012,nan,nan
9f91672c-bfc9-4f04-83c7-1a256531ac4c,Crystal Sorem,,2,-1.058,1.847,-0.011,nan,nan
8c270c2c-0e3c-4e1f-a96e-28dd5ebcb8b2,Erica Johnson,,2,-0.56,1.98,-0.002,nan,nan
70bf896e-0e21-405d-87c5-c60b6044916f,Teddy Morin,,2,-0.562,1.899,0.001,nan,nan
4bbe1459-2d18-44bc-bb82-8cb4cb6e20dd,Ali Evans,,2,-1.292,2.13,-0.005,nan,nan
90eb056a-ed07-4d98-9710-e0268e3e5801,Jacky Lau,,2,-1.267,1.924,0.001,nan,nan
b0e3a616-e7e3-4dbf-aef2-90197442f159,Jimmy Daher,,2,-0.221,1.895,-0.004,nan,nan
9e2a5ee1-cdc9-4635-a15a-540ee99192b7,Mitchell Hargreaves,M,3,0.131,1.794,0.004,0.004,nan
acf4ae69-cc7f-4a30-a613-c8ca0b80e11c,Zachary Grabovic,M,3,-0.063,1.869,-0.001,0.002,nan
da841352-6147-45c7-8995-9cc94ff23c7a,Rosie Johanson,F,3,-0.797,1.753,-0.005,nan,-0.001
063af537-3442-4e91-81b7-4ae4b11482c5,Jordann Vigna,F,2,-0.22,1.932,-0.003,nan,-0.002
756a7a13-a3d8-4d89-8afb-e2071ec6dc82,Lauren Mercado,F,3,-1.135,1.74,0.01,nan,-0.006
6d4437fc-cbe8-459a-b872-ffd836454379,Katie Morris,F,2,-0.364,1.849,0.004,nan,0.0
d42cfe32-b34c-41aa-b76f-10d2fb5a7f35,Karolina Owczarek,F,2,-1.086,1.898,nan,nan,-0.003
6cbf25ef-655b-4883-91dc-cba9256545a7,Sarah Burr,F,3,0.271,1.871,0.001,nan,0.005
bce96858-ab10-4ff3-9692-d32eab2a5b3b,Talia Saunders,F,3,0.62,1.799,-0.0,nan,0.005
fdac2a31-cbb1-41bf-aec7-88db9ce139a1,Ryan Morneau,M,4,2.014,1.689,0.001,0.006,nan
01f8bc01-6aa9-45e3-95f2-ba4250adca73,Raquel Amaro,F,2,-0.895,1.873,-0.008,nan,-0.003
61e23289-16de-4649-bac7-ae5419006e00,Pep Canyadell Fabregas,M,2,-0.519,1.967,-0.005,-0.001,nan
6f3be491-e947-48e5-8ae0-cca7a5347bcb,Kyle Hermetz,M,1,-0.611,2.044,nan,0.003,nan
f1c17e16-3c6a-43d6-887a-f307897e3bea,Kim Layton,F,1,-0.381,2.114,nan,nan,-0.002
